1000
753219118 997861116
220358757 820054046
404944696 856037568
325129497 435589152
213366946 811744158
962321023 989390362
598179242 665293855
262056808 882458964
253275197 322022625
12182869 221933286
179191527 747614930
786614310 796674037
455567085 743886164
560375338 773084346
776203107 999092120
849911624 865072538
425450189 995673293
97094765 546298158
878399673 960071078
887738787 936225425
845116597 990965445
461026292 467174271
888857606 903949928
864944163 989925029
570560020 829616365
149216664 993804638
417864800 860993038
53323805 281639323
702587660 981923487
90108215 625227070
241689082 465342923
609798150 631208207
476710366 596465844
795623606 932397976
296883514 384643697
831134574 970356079
626732201 745079000
712051519 854601185
448464351 951497174
824203865 999262139
865437042 886498136
677158593 680870839
211025145 216871625
185444417 429551955
414478031 935229538
723169699 762427061
303461837 974213164
52194427 232506361
733395058 830385677
23000456 733502946
811570411 905959148
754905843 824232150
750915553 924561602
842978132 872105214
768997875 983506336
659124039 951175049
360634906 387251431
134477712 693864192
732015960 992967321
255842660 788823135
327031049 932073213
386135568 452224580
537564993 596568439
167927909 455906407
93268987 240094236
229531687 769261416
594753022 740937124
629739207 912194173
738194857 808960194
771534332 862030495
43893417 481821038
896433179 923564316
52786523 852375599
267990247 999252162
23855719 680374840
500340398 541501241
824618181 994203754
214344323 948194658
417892531 609902791
275008670 821347042
778962949 846671309
584476906 954666245
885200730 914839399
616725411 724389899
742473386 830433676
185021963 290501985
66751678 969819049
258795866 871389350
413416909 566055261
198413323 891477546
704535943 968809053
158323989 890663448
482106943 685596009
565564293 983932712
660323730 666433792
328848690 976537536
864820267 963920628
655649026 716481895
51073284 861003231
245299422 642143754
290248431 984807356
340566899 891260985
332866647 910763524
277373386 472785095
323671120 850133892
10324984 378189536
983680519 987605078
753018876 808098898
871665435 959727161
362290128 874697997
72109392 368671378
586307487 769980896
620690310 856293310
855088019 908590725
862516934 883652023
112803210 504092020
714939112 775044414
745303043 918662994
260003452 763534122
715341883 727652850
243233313 346725078
124565821 257927748
158730734 739222115
885303884 911322679
554451733 851941700
67971136 129603351
836404683 997873534
605346951 707791204
969863571 984824247
116537843 557049031
53519079 916957486
279576610 542624983
972086106 975807930
110217458 225015498
315283603 503863434
721521111 775716711
449016069 462159287
271279494 670189166
619174459 802652989
813112142 979943105
715666336 924668649
213335407 601215260
114803544 168219643
581686253 611237568
789277010 942504227
43570894 638666637
857927112 877295657
802551228 929204705
404176551 997417535
172564179 942683344
258362150 546215086
146877313 681139471
881703766 889257017
796350175 989132401
376207605 889729610
826535633 897068424
224077129 988030678
655418660 937235895
259221554 973936505
59560339 447336281
100449350 473557120
70373878 484614826
185495089 246365579
471838320 634481121
465083621 577363702
400900165 953370666
796480924 833148738
890508871 892939723
273313943 415203385
818502809 911511115
893313750 931497527
73296980 245493482
943342573 985251574
81812604 578112595
791074825 885593331
114663640 469000504
901110402 947732910
294091197 767955539
402541767 613811253
866258862 943634841
689440498 792771319
81776559 744108368
458271239 478313509
787094541 816295511
402735816 962763765
721697160 982660058
973398377 986394329
526138360 598354475
798486297 910728750
712814273 951926596
366711632 775104457
229196053 687514019
93325827 475363296
431659177 495528223
958587731 973545011
888156915 992739123
806105828 922110766
901148969 963312819
664662758 814329102
21526195 224095346
215431848 800074183
337606067 479731679
661196009 911131143
897638178 903867211
402523599 853786428
524413465 872851589
346562277 351054649
733149307 866971149
711481901 732878802
993434984 999045633
595893690 606998799
26512054 817557610
359534097 920603694
200997534 783796873
834708868 841445517
978641786 994743582
995241186 997654740
144070565 954311682
892466955 909162357
201506173 536019565
329482713 444805917
590367109 699406952
926061061 980736435
762859918 951794180
29498840 428672122
13153686 354933386
212061039 915956562
703638268 988401051
73094430 616152214
305977698 546481878
127281792 352537957
156542415 340971650
219243648 242842466
866303162 872631898
983791545 994950549
209991614 247211807
797865007 901504963
118833337 954936989
485666904 622381471
534012783 628926473
194236863 788304986
658016229 986377044
381400940 792919802
158927680 830635270
297557471 881730342
555039061 572890558
703221921 837558169
920005123 992783266
567666870 647778134
922328130 946586325
980595791 985618800
270675996 663211082
517766292 594142797
800195742 808021289
870951858 999568398
62967407 802536140
739755752 905428547
63783708 340974214
75581559 575618340
958526825 959188782
968180429 978955746
3011256 503953012
981787083 982341153
129848185 958608330
382110401 671680534
941908052 946380154
738563359 854814160
505748354 750352326
995208311 998397048
53466959 218552140
660175865 856200842
688353939 840209947
946847796 979534932
582480563 865175577
482116438 697288915
763079526 785821545
401353150 730789260
729581240 990346874
802528432 864234398
274956007 716369963
874054869 946368698
597524077 801549906
668729168 992365740
241954189 589817310
693900103 779302314
650313930 862774575
900884609 914989457
589386352 865202444
302202593 431588285
882252104 949008820
122209917 514625197
402171549 917934920
791617323 899972837
647005250 977826297
342620878 453361005
609388501 620490185
379551122 454169039
89504013 635895099
633068370 807797090
638696961 974292040
130427043 787479304
2456251 666645468
179590749 657336238
949151389 982780354
319397172 424768815
696310035 908249746
488651571 555513739
612595822 753529401
752507326 810889681
30158756 844781500
73286009 326185193
420499689 748462747
715163320 813929221
469779394 769634060
706475072 732517241
343738173 941706770
199513723 619352343
788045902 864411205
457932020 810010173
436876517 803696577
801602500 854881121
230297904 592767418
926449670 959795201
729330524 989362442
772881221 857395776
481759052 822917986
207100826 642150599
227387937 485683244
937231886 953108865
345357792 645424270
108214786 417237130
147905833 669165413
570088901 610162546
103950618 525328222
136747866 280395403
207031268 835278669
600542268 688051064
844466784 937834188
869973229 978466226
628656630 750604960
602124270 913623832
939697024 957304246
99065743 485292398
835465688 872475551
43187841 646321352
829923390 904491842
482734259 822222719
606633975 823310778
966324975 980998833
506979287 634323400
560723533 990538598
672568705 876770902
564254025 924494324
779335047 917048345
808849632 979058913
568711437 999710854
966231680 984368112
875289799 904986528
765714741 997118707
84825435 972906450
249840952 882166871
372815606 496322942
334139933 675712222
140768402 574106440
156127118 902142677
227833552 873418677
557161679 865724689
865317983 865700706
127403692 487345109
874028596 925730832
189952521 356656655
377012735 953034284
881719643 982205645
195977242 942767983
266635760 735760724
356921919 525436891
440206866 807978109
549541643 776847356
653503169 943791986
485296185 970169050
901364808 955014040
6995578 359106023
393068998 442297200
267243686 792100216
885723689 904778143
335207178 701017941
628185068 800510498
951229996 972885595
784072465 871171009
827089933 869810718
893840043 991903208
608643920 759019136
15670363 706843280
467307302 750217848
559744367 847757618
520713193 787289493
735287125 950754170
451399650 530276425
46116302 608199011
200957578 790011203
44978557 912770105
163094448 280145987
353858706 857295820
930030076 935225875
295961968 611918801
217748062 650566693
707641585 943328576
893376966 997896096
701015533 981972622
68153165 950133268
326599090 655562560
950525780 957713678
556746231 799184164
444728183 777492272
777622062 848786441
264523149 327542421
472757376 859636050
479885163 488536221
875237415 912776932
133116292 964795975
623727420 993656344
644720204 988728224
825794024 837068411
740242768 789722528
266707265 928980242
158189934 557532947
577740088 665561648
388652942 979008065
963864634 995369304
200999836 379855566
541601993 991022924
318962916 430707671
102671305 496567199
923118344 960916345
808819342 910475132
503847626 709234966
893854332 975635041
994817243 996643394
871150799 903917170
833387505 999560953
308469226 956934702
323037010 886465548
462902089 513879734
303201613 887729562
248449274 874659934
200274328 775740237
435811280 890444629
865313169 994275272
465278198 828294412
299968964 494786614
544593168 580449274
985348818 992758165
592156444 837165665
274774215 769718519
58335784 741088431
920541695 931580306
745150207 819337199
486725998 987553970
263943450 282947728
534175072 858854618
399339477 697529207
240110353 248028336
798169184 935672402
224817291 883214486
346576929 717537075
575646251 680139699
581100484 815186904
306044848 441828257
177477856 331079799
690573559 746312774
300533831 630422654
474769170 716794684
504161870 699682789
72302457 876990072
330809081 903000491
635535075 933252324
376906319 769064712
566287559 875295337
226542226 845872639
501739697 737976974
54485071 769949346
368877607 769347879
909520524 940934982
634078160 672280721
527588167 574199999
841288086 953654803
345005025 430936776
881085940 942931366
911987155 938869573
499310205 724713001
905028956 983308722
420382043 686036351
929965683 993818391
148947457 961983782
729727426 751849422
623051024 767276757
896727417 904201765
891927965 931445125
429362353 518108142
60692181 313593900
170793464 560130012
574196875 597470687
362286203 807338013
277145548 977314747
548912012 741863286
547826183 962363355
224637875 344071378
574295902 911467614
21825400 267090455
286574269 289437779
840130925 987670211
159121280 856912002
201863224 739106731
621024496 771225156
402091954 620191706
922605158 974712554
566231926 822475475
416526911 838651969
374945415 500469897
465527157 814761446
808638746 842130044
598623743 672920702
247724959 877827798
84752391 94207790
207833809 589893793
410634058 847927619
89715926 873172059
959382653 961148774
646374867 668427457
470703721 634618616
811823094 990441421
13838342 593765423
787292985 988334025
776611170 834752392
154330407 579174677
169686656 471737994
825769915 939050571
153861069 644995016
508615165 640808369
289361551 787954479
547878936 573419640
347687444 588292307
881237330 996730796
52769150 164158735
300249234 505702756
716632468 821881223
338997044 841509351
621632113 688340252
961994094 982963392
66855138 929457957
524976282 951575574
899650525 926752272
552167165 583974298
938593995 990240506
877917526 961662407
818038282 889937902
21564320 644005395
815160349 908194807
23737709 378272412
82096749 218918592
543530001 707426416
876513303 978711746
64328642 177236084
866674061 945530738
853096657 895911635
217226827 381540035
45492155 112150986
933402451 983181392
989773722 995081690
122375117 418013589
580729205 986478393
593643366 711966753
428056881 502479822
198522865 366735992
401862895 900445126
752104381 754638004
774044213 924400027
738824331 822001000
168795459 438385872
689789485 832995729
564338214 847792747
409084112 769166778
526388069 919036121
906944893 942213496
322188602 511839904
67252447 251889500
487972117 644011524
904405583 936427660
236905456 688262630
235106601 744616740
414540523 677961364
140415184 242320203
170792760 245559064
956097028 956696224
417388451 566610594
157198345 705242124
170566215 322683238
707765181 913471948
824133161 988155406
156425996 239930463
509358557 863842493
227460491 472741167
18417804 295444543
492442509 870251332
940802938 983427540
538478212 923988652
478272534 507857124
182302910 916002121
430888784 761891778
484958013 992058247
329151010 367088857
633480845 760224835
789095919 972487592
797343275 832118358
785182219 974434507
909828254 943800644
335542780 525868671
360456041 705884837
4482196 620549730
763651816 970729450
301247856 909913924
6225657 119129266
719264014 979398070
304710940 979370750
836329230 878272829
367248266 392299915
946207129 978274440
559510632 672302564
712752771 964353382
173522012 677926884
281059557 532974426
103451981 511154648
267881921 620083545
142855181 292645589
510039603 707668694
783772050 936198751
445236321 849362783
211920899 572217673
258159906 930503914
848498413 901390626
98032485 472966896
323812160 624041113
999985143 999994838
808616175 846709629
586805253 964530322
515998512 922907968
568122189 850655811
356736767 695113508
646921191 738223187
441701684 828810443
964586733 967789554
721887088 922899045
775561098 872084978
345794454 975463225
430385739 466173244
533970274 551296443
565516637 571095089
824948256 957715725
835626412 911044921
940271994 976367696
312295034 535105625
665458384 870493266
592504705 636177445
3119963 462228729
479878082 636548100
718428983 824336586
211518754 211726050
697712354 794123127
546603152 650758989
743781826 952403643
202161174 338415220
715867932 994381389
903025461 954855766
300267397 439985673
856379157 933627506
95082886 733059272
704100707 726542880
427095403 551477801
891919202 898779962
146954626 979714538
270363075 653144552
332915019 793307498
889615907 977851985
368201324 408544189
574708093 958028656
942061922 985211628
201503830 433005659
345950192 787818965
335484677 594214846
724492660 973529199
745759625 761379124
451372682 781345922
274861687 944476995
740705007 896023009
886384761 898116471
330797208 799066498
267129683 435460881
335044664 383979014
900384207 940734681
233388770 615946989
162460873 658367961
187337814 195403725
528190573 541591437
772248284 860330193
50358877 662686429
462251905 936334989
363316968 802353816
847875849 985283955
127416953 794793514
982900976 996368029
148885518 401669612
972577859 989805672
58368013 70656469
113904091 432707582
382261168 655902510
974889781 987114314
250209918 365611589
620495251 900130165
723316265 773343608
867888138 882118018
245219783 480776313
761490969 766789731
567826205 689436076
358638209 600749467
7052819 195536916
815871355 913401605
937285050 949098650
58011559 905345696
935059922 997619616
722695638 905110549
744746721 858169984
718786124 793984533
499125367 785882316
816345496 983497657
667410154 914795023
12743923 491734768
761261779 920008074
93497929 209501119
173004286 721287733
145235622 296763215
144123719 594693460
691465258 864792002
409529972 453382850
849923141 978821981
120277664 773770259
397955053 606807998
342674824 900765655
768553244 918535729
734473979 948698028
45534559 411044024
983851620 990574891
97501603 175657320
692143760 815365712
21367653 724543522
254925237 325155626
621011090 736667434
426100413 971010731
215007172 725886057
423884798 466385958
586172709 914411318
145762246 535136759
482726357 726743898
574871763 710031160
205669713 690342242
922846867 929895180
938528779 970171910
787304019 971264083
318894602 551452906
705940514 718044282
621516177 725793758
380352659 641695585
475538931 790099752
581394959 959753191
615329731 662799231
502699915 975491624
607086533 871310610
31291460 122454448
59756055 371388789
970734699 979934141
575118532 885374311
507855016 901546275
271172852 693798118
522351679 566272223
494849230 972787608
46471633 580001381
823868920 842941210
215079302 729043307
524665127 619760080
478246064 606424085
281921079 667771986
910280968 948388254
443320908 798706449
850542403 938748728
883818674 942821081
26801589 756612835
243757492 932673213
581285306 837364039
352649094 796146837
295460164 620031251
278362693 726336501
879973420 914928402
571483096 997118261
954519575 968548693
330322579 433123096
948713995 994964822
866583011 915389836
827647005 948659494
566621011 680926392
900786436 932145776
748078366 823173904
230251482 904549933
355229839 433785912
895087046 940673821
343707371 649221171
170212609 820951429
307820993 958276206
999545294 999851042
705966784 771010602
575350110 712596469
771132615 951275264
237160720 928498517
908427376 972289610
193701353 618912116
714668278 740528254
693556206 956072466
834218858 892430217
100103672 757246326
761785045 819364277
648100272 917328730
374060831 438987010
180289001 460014283
995300164 997931444
228228697 444203199
908159291 989906271
387547680 568711549
891933015 925105189
63029432 302220488
197079938 686750006
201870767 366966297
86832598 797288004
938927850 989889011
776021779 883673021
777438605 797675871
877514376 891492850
699461519 842277041
944745460 977693795
582163699 889829195
293999 369833459
465198947 901631590
788985569 808809510
561589272 656000051
129056441 475428276
19569805 982091228
656218635 871472066
530144709 772514143
146748384 697002153
501423122 994405247
703463007 926843836
766311091 936367109
987091573 992541953
652687807 840746838
584109251 864407166
329778306 804013036
252432746 822126250
244631530 402452365
789924769 952533285
522664964 908561927
417325549 729936052
175139798 650281319
582431144 653428776
443214762 937608525
758590195 795392450
234182952 637786879
242108200 523608612
807245420 857303994
859346399 869423297
38062320 376642741
943142321 982047641
901907230 928412332
540484580 799596252
869238650 874005734
469336469 717590169
923074340 968153747
407004792 853701043
320126497 849098394
675148139 776296439
948102868 952350237
903112991 972033839
18695775 384208874
443386064 472356760
501562956 953336491
535349558 954307950
214534958 450808478
650429490 973877471
421111041 893325375
593272258 966033482
524171820 678352777
65817577 688407890
271824931 941489858
663838847 705621880
872160872 905014118
479372108 894630772
492604343 539320478
92368004 394609769
481764728 575440560
572274959 742228165
654133620 735782021
794078220 853347310
483296872 541664930
862753021 993183509
257446071 536952541
486520883 790169445
464989384 595656893
634674349 752605428
58673479 660187649
807041010 987050397
604367324 750630368
931211881 973154867
652228566 901881308
79212285 86393943
11732760 35987068
681569727 785700066
783590170 856406965
390506079 448816744
668304469 818234332
391250130 624368862
31267350 222779947
239784506 574328086
474206372 747044873
283552009 514023044
615599061 686186315
49418367 394928692
640900830 773574499
780855480 845494213
979778627 989512817
662007899 751583955
682534069 929746079
186720342 551287124
9031367 665154789
302997863 460264131
614957332 676132178
648714073 800992237
789871060 851824101
558012323 871852764
993087365 995785978
269572847 387450564
542471867 778817222
167991522 618689186
28618897 225827566
405203036 729271828
600845895 702332299
767794708 918576031
198781079 864843571
148587584 157310592
584571102 690024785
986327314 998579096
609993657 943648675
844560655 980649123
213474531 241134855
471384657 650086089
633166814 658426837
325979520 603159946
892805085 941477094
913058683 928967784
73097269 175652880
206206594 323036458
842579993 879526632
158053081 790644092
641414543 812626717
599078587 948172450
556368675 882753141
389070143 402031602
275994595 688909841
416620007 973459758
848289425 882717249
524141051 849515512
89666126 115020328
172951949 784472462
383260131 630576389
819418392 950748435
436820320 816655451
302911513 724070772
847550333 905454767
73007166 262008568
426547781 986161219
700732848 946468644
82909070 665535476
996550642 997962795
84255953 84362834
722319300 904215653
763972805 954627125
769178715 780097930
293719671 557110654
114712257 551906744
960790918 996010726
495055726 882546259
549814779 786254045
203006568 458307855
233649821 831955823
397020565 776962834
