5000
238495864 971711209
280877 945514793
707337262 872326694
946881177 984900300
252878152 662256448
434776475 459821610
710441873 964868819
181725836 885650053
379933681 695770635
209742248 585868720
665098710 962332598
125422124 882728771
848082186 997986944
945187010 993206586
841820694 890345943
888841079 903906402
207924165 915746986
834614268 981267095
521206107 625611178
315796545 676808885
565659885 777288591
73873285 265712163
864272386 968814764
741683002 775014502
398808614 826250548
498830654 520582937
225053817 739184677
131763533 722060003
216205835 796682153
317894423 992034447
646670954 903564947
128252809 419104329
47769187 303695713
217779411 886193328
901065368 950725152
679326209 740062257
507066010 747115176
610335248 785278967
618512862 670877034
483719499 637202570
737203565 755981851
482884089 487552400
934372832 981435762
693792753 930370364
623682493 718985469
77607260 991115461
872047436 984133365
251719357 712302348
852963261 970362802
151408802 540758257
227422812 820876955
606249715 664623351
404260951 797953113
914862471 942832142
80677310 455068039
205727070 956338807
340729649 949995627
679263469 786611153
339953415 716826432
432560451 563339076
801611305 906854469
615796086 923475103
572565221 722335103
486099572 953085156
85467341 498856456
936234652 969284071
928490053 979372444
540390442 808708210
39751326 424207750
724939662 968983805
641661880 914162476
848331647 863832470
577593157 787704657
214445544 346523601
259660169 352060644
932548594 981161662
182548114 356711471
6122126 676639926
444703946 925098707
608466178 764642254
757091591 769006369
126182711 319475531
88630440 653562891
262641478 911359223
300556825 311452830
581971936 956451074
568255610 603230920
780450896 823591874
759940231 937328556
886154600 965952061
830310479 920378962
548282906 713902505
866776878 925966230
305204949 634687109
868342949 871341733
981868671 990805471
607206716 816403955
530895174 789971404
505578033 972143391
958878259 971659085
736127603 868250647
11274349 790213930
167839515 299476475
302933427 449819425
864539650 983329887
317165086 556150369
907079187 926385699
949440336 954155109
279929007 881574058
508479908 792841707
417529064 581330407
343103278 563871202
720026479 959106029
83931238 685700355
943756950 947483657
308687911 799046518
937044538 940949665
324727174 911822065
567234829 835339750
691795654 971875656
762508337 932452040
70701795 761530328
481488205 502245609
885625686 970501778
366207085 720693940
796828024 934106846
420271830 542884518
997869663 999808087
824355530 828337361
114205047 474945112
465952633 543342308
416000590 956725557
874009372 945776717
885277892 902886749
326564472 676582957
356524656 889518211
23203198 787391468
49468944 964696431
158785359 752080690
454512946 894497355
545953498 591306810
931197017 946768675
43883853 988610747
474203860 956891640
711718578 990313864
796255012 844493062
731305846 732524382
412734954 618319605
11889946 611053719
882907229 945877004
603851575 803566647
590336889 682410274
871527437 992191842
440759524 846165427
588770073 783473155
288499677 610779886
897624501 983764025
697284026 995151471
77494184 456776003
452326354 634674929
605865690 849314668
104125319 508416298
916949443 949229296
52188583 556232318
554736693 691045974
624872385 823505584
66687810 240301613
554216385 658189471
108387678 687054739
549557465 972452702
998737982 999826745
45019194 619868226
407710681 838170967
390362226 444986508
392378922 553135958
183107456 795381316
468348179 785540653
589048504 823910807
314575425 964071772
565186360 874158353
85329042 389605695
568313925 717047721
269738703 732138184
295903781 687199185
935398677 939308338
416902395 775566435
719947205 941819040
628509420 828928881
295851168 351662038
752321653 942139903
417459646 942667452
636989035 794513064
807636380 812705947
799379786 829223936
214629743 340421587
801125444 871282479
106742581 961893976
517821621 893817034
453098760 681776993
978094443 986028799
104375889 455267161
144543996 855006219
487448205 930464942
909838071 910181237
33437198 387245963
763973275 845446740
327307442 904970869
335339121 583301818
619013776 935085028
464261243 547045612
119791867 543935136
505206938 532373906
558839144 787025103
515421374 906364311
213029784 898174828
256076042 309698661
30847298 68804165
75374495 242379954
375882323 917810000
595815909 604871765
159012437 791822526
987656438 999453078
668243275 996274449
422019914 990893865
989447545 992026186
425653825 648447945
491399408 798826965
360390240 617874280
349048715 473861974
648642486 784248483
186215313 640238960
749445414 960103226
169285870 478565371
249348595 614301620
915756358 929544801
416531860 635220865
823217587 860250103
790001382 967295894
609955194 653526088
178435670 627005431
529964907 921098267
806116920 934853950
55677213 371554464
468983689 861395923
472330861 779822472
956686702 970890860
540799674 748195258
757652959 993146981
287345108 667651612
326330146 802787527
69103190 996174803
775650779 842095391
512749023 710099077
631398813 753044766
409161909 630589880
810043476 838156961
878755625 911209057
581110800 912064251
93713556 169466885
786199460 970657153
635820514 789199085
658057166 844533969
563032038 805100142
357519096 950256105
385271572 663927416
710345107 871567533
255470588 947885816
506592743 910892689
859240731 870086390
514478509 778865838
84709393 861966053
513717463 751995313
920376818 959195529
45758247 221952034
204386893 879779062
155950855 415627501
784618963 946300975
742970152 763699829
558172280 919922748
171559518 189369770
686183576 766245749
455292886 837795556
391811873 410869850
529261519 571801285
238035912 363967428
172414210 309812251
220299812 594054126
97958432 464652937
688940748 822573971
200875334 363580507
648634487 783692786
291615833 390082153
318701333 970847101
549853676 573487815
321279930 874543961
997950399 998131260
227343560 497087967
370989668 890016127
777160035 805949407
445640770 742226418
459975116 676640513
719610968 980866680
532621453 781723658
621225737 691882169
370290404 505563248
340222516 660737848
306365175 667742698
353363930 497061282
155988606 581905571
700399488 950576293
608280903 991196066
279455551 483219574
124463169 620085448
140147500 875447795
414225990 828678927
472716626 713581502
711286492 714346516
396750089 602035676
72957984 701820840
610164287 937900089
566923312 750923145
730381546 817839096
873705674 933696977
683430183 687464376
436762231 956289245
317079568 480684432
52498000 426844742
474955729 610466437
205706960 870695773
429730001 998992345
237477241 904763980
707421914 774669033
436998681 580020241
483960828 671636020
427524909 438425128
271248090 680564499
738668323 860367093
628640356 780525709
1617422 194208641
348396977 887484291
990573404 993327254
956658349 979092416
950909844 979198595
318376056 448476499
686637864 775285369
422361307 768760776
802044956 829424235
480617653 791474175
119934954 922249421
185110962 898280175
529693471 640435593
627064158 655721427
8370647 942966151
87218504 363806279
115005348 226010475
392846544 889391690
162843718 387021735
546549687 590305631
779552694 979983031
654845974 827326407
622072599 779113068
806145346 959021311
915310540 991767227
595993233 674596392
367734828 490709030
840492090 915587915
749660855 797936639
447565585 838605204
522972411 584661572
913423923 958738927
927243652 939662733
828014172 911385680
103273714 884756935
533170481 960422134
84793716 124631889
306661997 391210769
996886183 998873650
838299758 919727590
757177977 889239463
304950617 514729897
454512512 863918628
941254365 985482984
200101920 827350404
642121840 952334787
365206016 448254904
457529270 573402379
686968802 850585130
656870779 987746094
498222818 990890506
365365287 412532050
856775399 895762784
543769295 987499066
855629755 957722212
986545644 991302568
206001698 957029023
708989380 745698173
576984573 950663665
367960817 556922816
417524652 985331780
92241970 190119088
5001072 743983196
40776761 326461099
236408824 622364330
565894697 719306320
711858686 878379922
902237462 963181049
649541609 661101339
640240219 922193709
986244838 999835837
765139311 772130581
417745594 989405483
922496177 948083562
560042648 754261227
684609609 799717339
505540890 633691843
211265573 636622842
279988842 618232085
603756550 828197155
803222928 803304672
784438629 796558197
185575951 722879713
735520237 842372277
173241381 908600008
879697679 932690314
5101247 649950007
533411559 596779734
860139855 966827405
671730108 973400950
902873381 911524184
592561438 763347234
198556580 480143579
651641331 753096525
775835839 850265527
580112035 800181588
308097884 619066587
196154993 476604219
129319012 468199436
935578419 952849923
239670655 544096263
313816977 888284173
174059892 291359538
444238848 985105094
132670488 731816395
16586809 205173857
611327981 686893663
35994992 929380558
617526115 892894748
803236633 868174708
909528480 988173389
133154396 232489932
872146131 940138077
671952025 695725381
148347807 346261164
714179860 866613038
280728877 756949807
655880901 679214302
685063952 730658023
211361146 535628589
37164257 648126875
855271515 912672676
791624672 926620898
67922493 661441000
388943090 775618289
335181877 842261157
712179730 893427039
2336185 688794869
676936749 953313133
631755981 660791005
468693862 733050901
834579991 921687429
502853942 950993282
754702662 983400846
892251357 981360025
898188608 918600160
668682022 670179029
581561973 926069313
133766306 965869054
91609281 605506359
317412131 910354727
590529385 913982570
37506705 643669090
465412955 705694738
487951951 949139455
29637963 654545790
286205957 890761069
587286304 920326613
815036752 818419162
883854459 905219547
585634937 946630894
835333607 945805927
11409049 518453378
281990812 924466368
617553279 643676619
342114547 618508190
530231735 820100817
3614241 107872468
539451670 687154273
896736937 975173649
60963741 767081831
281785106 888947246
544017508 598904596
351271793 759737023
481747285 539927054
90644051 770034445
885409250 893867616
950949572 988677859
46167891 761287645
454741269 472310109
12165245 941382423
546760497 907676468
279371041 865145205
26317752 824276591
828916311 865900795
577916661 827589090
216035363 471561147
239085738 630923134
65618321 223690560
116910961 913510829
640271970 926579641
211104838 347453724
376521013 919989581
378480586 738644199
601322653 963400999
408789683 765616966
528441989 615538280
514035666 897549843
802332260 971317028
613443368 863908320
49037459 325886103
372478263 568166117
754680044 824602530
966715126 997885642
162014676 847147226
143051437 386521143
380166985 616818684
562267095 782476513
451271884 513095152
671974815 931300290
507858041 891574565
602277891 638113101
571138166 599351843
558361443 566127771
780581696 868041752
543718961 835784987
949791633 999699961
568335851 801380837
435845683 466000686
210781977 585075142
901589617 988850691
884294770 974957719
226369507 818755735
481837559 843809342
869985421 914699485
29808797 360998136
834733252 964479282
476067732 857795681
352440543 646621328
569005625 748202093
251742542 614413784
195193726 243416839
490109035 914149501
296508551 626262429
803764807 963267654
30466043 648948923
203471000 767061967
558469561 571746938
571555242 810155106
379004816 903886289
459456141 772413989
982736519 984860507
983676026 986159615
544198289 963981210
704038229 962207230
813649194 902394014
56965198 645187774
557585026 977580486
928004024 967993058
751801464 980943973
71407067 386978372
306637724 629707856
877239541 904594505
704808425 785571274
624151765 712158203
901683693 989920401
32436316 749902082
56869036 102264289
421874371 676062823
652127074 656595568
538206239 812107173
222293072 356518263
726404167 966741420
978031946 980140639
667997207 926548949
200969860 648092624
634374737 938767349
982434303 986077806
5955087 283638481
946216850 958019902
564783328 682748992
580040519 834101706
566087906 817852146
446025 736623303
652283607 715460535
879177720 982457865
382413173 618023643
10273645 240895084
272667043 512547774
378693199 598342412
843006668 934610704
381490332 600181693
943755555 994647417
582890041 833807581
481027732 661305302
798130852 826681961
948683761 975903929
410784997 515582748
360402535 560633024
858080898 965063957
594954075 727424254
247114293 948219489
782321879 822561256
1878538 67375905
259440761 717738300
75022660 504783646
680337808 915758062
228390940 599233609
316256328 584082362
931553448 939110640
181221015 251495282
637940747 663904640
939278830 947134209
425145693 931523147
657561508 764023794
547811928 911739695
869117078 910135260
119215189 281446003
481741392 593151206
275502751 776441306
258247178 312676781
442148638 562432940
310151207 498484176
12703777 454073814
442597693 786874440
929718255 935146107
272304804 371396678
523041300 963552502
787249849 814316705
324130070 909313048
674077502 938138304
513719852 763441471
871293832 956093999
529692220 691838852
104901095 251655182
36727867 335626763
209007299 227074217
248089333 518887338
970438521 986469367
606545461 817662181
199444000 444958398
436968127 897502697
314580122 509502621
787694145 956302001
981057246 995542998
349926922 961329338
242069813 982249675
515510469 890402585
8542166 662403454
188231552 748734185
915848729 949514770
314785822 346401856
386798097 563893409
571934643 919146725
260166763 365874745
263148994 790608380
158172440 720412278
745077709 933193804
873317751 930556626
917997027 978836614
196957317 802359995
358454344 855959522
26638703 960980273
117049500 522557998
515293736 590216971
596711829 795052427
357394352 661195031
455139929 539108194
759708592 931652728
409268747 559690361
810510139 867526813
937638962 990987647
96133192 554393260
568870300 952068586
1656170 547800069
480929525 814118735
170432711 949858739
308203596 817361557
872492888 910576465
704772414 864756156
717743073 775233097
829732457 928368646
578693447 907017969
62983545 510108370
154558708 220753084
249281720 507924299
350660740 409480373
527695869 682706231
515801699 618825287
529333082 960441687
869862201 997358188
740671217 798211322
549617618 777745943
481811387 611179096
604881060 732691080
10064300 81154985
521142952 938013923
432596313 548255518
657623733 826102645
935345321 955947367
305434602 368004832
298921363 402997790
643286348 899855008
372047622 685623997
479319136 974393353
261977561 340866215
742403355 963298951
509538816 699468421
637193402 813293533
258782668 783235842
156903394 271379297
946275132 998002826
813074392 860548205
549272984 606176532
227978427 760280522
195629311 820569105
638904782 713447268
219872144 511772011
587039557 907040587
151227509 981799648
215277941 377964159
864522791 912914249
294838453 641202450
672376649 756735944
878973830 969713946
411925689 503045495
65795467 993479159
593363413 882036331
920606008 968972670
358608008 570758516
771623235 908274790
158788529 640006719
80936073 615197460
27007583 616565361
364050329 928737718
161666320 165801352
870753758 898778189
332232903 425986079
298147373 793135476
969268750 980600209
574797895 685319972
100149793 840272227
474473018 900670369
628467738 955330150
615183641 640108962
166560509 502878516
825947272 982066070
935383017 945872516
278272934 649858000
801722161 845254572
347320305 577730363
303621243 974831799
141662792 692411289
372643326 407681386
306753540 755056666
489637054 720590505
722810210 862075329
273649623 453599699
577712007 692103156
641505144 798884568
290519782 692990565
754946684 942203330
306624209 643023416
237315 354432441
11752810 854231491
695363488 863093847
90808910 816077416
675018970 825898422
97732573 334023672
22558668 603155756
744133315 863668441
362830399 820029823
804599634 858105679
71182100 479303339
487373550 979581999
773733068 968734143
496470402 882612674
508277575 890581680
115809467 832084424
472334001 497297370
779579247 977025026
866859654 915714599
985671216 998524557
211396379 497894371
778006388 872691209
4136849 843660319
27238460 84973232
804767509 933667599
738951530 843873558
889376822 921637995
980691846 989771500
337607997 470225287
441818024 585483692
494412766 759647272
154169201 944523190
235318515 857108867
299141495 499356423
772913118 785523294
41681851 875267183
595949797 812448862
439994565 962048392
227182947 438821961
978703650 980266919
507466122 524051426
827142697 918058524
820790641 912506749
808435785 863745046
168492378 782994421
504932415 676011559
90392630 371344056
553343932 798687415
471420922 571984213
994756220 998604647
175910051 742005014
408493910 436047148
31153649 722216187
887526228 966905853
327828332 888908526
878594575 952987594
656230671 936527575
189450138 453279380
970966338 974618028
671168925 700856426
513981756 633132048
169036459 652254304
586313038 826646357
540565806 872486085
348384133 725995662
193631280 781431448
691684521 744994109
854262884 908338464
85758853 958362863
734030415 798090421
431354998 539214058
39323626 697789626
356750924 508189351
285228842 992025127
3495489 872885587
563638810 987727004
497404594 816922277
650152596 922994632
317465702 827291413
968636829 998449299
845908084 872863719
288171098 459541701
830650068 861214320
209863346 771452643
40287102 321929474
310178883 671604519
680986226 780245232
329896742 384252392
887349125 937055468
362236278 868131392
299570200 791796906
90598758 471491337
220346792 586172811
166404211 469545146
426484274 975462785
222802474 320336496
847651414 992658902
998568405 998632704
848819669 990330191
590486296 926678213
919254530 919476209
641196489 907226973
461386625 744637538
289726610 680319708
441817860 498510653
629437600 895042345
833140812 970397123
614694925 755105937
208600659 255268609
424475024 468828270
436498261 918883105
751569742 938493006
604336522 920449102
326472986 942923157
597659565 957370377
859254801 928763805
520910308 793478018
644517588 799752199
791876651 965813356
820955507 857987418
993963252 994542059
49927720 293075773
797243335 942440039
217894269 813754571
718555088 777063769
257559280 510658469
223493571 349293503
363396605 480980820
230362184 989253924
468419615 849964151
603974299 736187362
200466389 671921402
317657531 469356421
62593929 652745708
633777683 805554391
106569114 974051889
591638134 737205562
338988917 354025654
936718689 941681379
323916532 859550648
393935584 751982162
268605266 674027625
87603808 344152616
591740029 861862380
57793746 659253400
826225666 846146717
736830503 913218055
86308701 327707899
792807022 931948456
699231265 876881379
223330292 459169490
173817886 300925961
790584477 900031420
69253792 718730264
945660774 971495703
843311297 981089195
991760396 992794839
62302416 796939682
70081244 587305778
177551199 451457523
813752870 819339583
215936347 765112120
650007929 978733831
399781104 597985992
70901120 965904229
154446761 927642253
616464718 880873888
704763068 964739419
53026099 82156467
323657326 797680545
593227449 742834054
36497668 676493595
772088605 980459351
397223265 544880540
546813580 566726196
378310462 786290973
13417234 900352024
118042794 770301537
692753730 797146634
351053361 895793296
5127290 322904097
827642621 874347090
792990727 986121155
928966758 970959724
960939457 990276152
508580561 989182769
257783278 946442583
291330228 831100075
142278860 179181628
242004914 254701281
75895341 343557699
840419693 840980418
13938504 427540291
418036404 692025914
603897506 825107451
16595031 358553164
272585766 952300296
3757254 858485806
213265622 610197362
159452420 616648575
641396499 919929769
689640248 992172209
571163777 903236669
471955578 709950755
815121172 821538655
690872189 968111993
606694940 925407090
826009569 917015937
625952832 997453922
323213147 830152076
214733765 824627934
736773098 893924955
286831416 452861776
554483097 877153740
797312881 810683322
880806637 952044984
368658899 413526899
948719306 995391690
837874617 996987238
314500171 798743446
729101063 906974180
613094735 650956080
669735306 739889577
699200387 837911948
539603720 611194075
249849881 273535929
508764472 943086933
2771355 606140675
186337825 444834320
834517728 924269735
129766715 680820651
455195882 897467330
700750138 740818101
367576734 737936331
748957510 939132400
450361250 788099978
339730351 897257066
188000485 374970188
313720441 399111888
267956086 798766666
971723578 982069697
895948563 986308945
827434368 870687825
100461780 453343852
589281130 840873827
316205589 811269734
570224653 622705727
49693411 464592537
997219407 999236075
879932293 889094682
292474726 954638896
497986195 823278270
707287851 845070983
810069866 947567281
129291642 415262351
86474131 424032210
536276555 550138173
283263594 579082165
635652142 680799992
140762580 674148633
811782011 914572038
712193641 990157036
732881279 775683919
100581539 167180433
698482419 801098645
163615787 340121723
566347574 785087065
397089310 543331010
372583704 446834814
582499014 713763025
789017965 992720305
885791518 942415441
943995685 980590654
950249498 996090335
254180436 453295643
435586389 839562354
749235546 918249453
845565221 882247970
481196509 856455340
377073989 557110323
652828495 729572043
178613728 458520893
193384598 537915314
996194204 996404722
982958488 986007746
258051346 364789599
624383683 729712141
429335181 997161287
266070824 348399950
400559705 606542836
928339130 968330773
720328655 902214469
386050757 450227688
238996653 757479710
320645066 533106852
90533108 500886632
533206786 811711867
573252138 833651059
39624329 199860908
698935512 923402256
885759776 974901765
551521841 924971225
818488714 931029971
506464167 938867608
685264754 917956256
77003560 276113973
421723881 723539427
479073803 826011148
728584729 800146354
255063167 829095258
567424726 984498500
202697551 641944816
229827721 316514009
679100162 923176910
986878664 989376767
654293889 884202928
896069830 988884305
47204706 456199122
45154684 873898898
966003841 989748682
326749495 688350869
517436712 535459063
372043951 521355442
154603932 461142214
376823374 611307431
139392859 981318397
396354771 870040665
399682680 451002082
693383483 751536537
748895264 928816248
307960124 941460509
483547732 871374980
652508113 758280865
212028588 653463300
154189774 795746666
728195118 909104843
591154490 768329680
971587421 994523027
820089680 956572072
291353594 882564052
34373128 269301529
731791139 992071961
757475866 825532423
106412497 834704015
599103459 886419960
676802983 844153740
451525642 737361631
772299775 795971128
553531227 737514079
263115530 947023827
284384353 550062031
995671887 998208001
634499139 712467538
727431558 821896031
632395886 839754329
589489338 971617459
217704281 658909193
759101169 970465399
717120239 997597885
350372119 572788336
870280539 976438309
203386952 796429248
735622954 915149359
324483549 425529520
532643238 964829993
218074560 450228967
168129560 262335762
702261130 806899172
791678869 911796027
664589894 703430554
364763699 898718401
125310457 851743912
381153022 390916948
730553435 994420886
920518854 925564888
167616407 964947045
996020628 997357132
636195047 826558847
1951370 504410728
359169639 611632527
496972226 952710177
197650745 495680380
251897226 681216087
437343519 624303243
358648877 628291712
158333411 330925600
870072409 987397866
996644476 999841798
23378191 524955735
490478951 533564231
301366091 618832163
832683387 924468834
105807176 812742992
813889432 835697151
35230623 333642433
563455181 806467573
998629227 999001427
365663948 687878764
357489473 758909734
132207612 877585275
745021672 866755753
753405871 901406445
327151387 648857206
939982634 962873969
292493269 956843430
18706692 690397663
647553167 763132137
59425431 217731136
802008 759090109
65583486 426612434
303456546 333078408
742013246 800148572
657611715 792176174
544373050 614018064
64480084 259500295
143803221 759964951
179501421 419219799
802707433 939007292
360640053 692136473
539355802 917168052
188104823 328002888
129318061 334112531
277268635 319727194
208903676 416525033
768410137 981079346
807471070 914710768
605866477 636951198
38252087 839244631
817721239 961459102
979052252 987126775
173398073 349477316
902194058 906103716
695099372 876402259
779909992 895860168
734729979 949087886
506872877 742395511
199142891 604611565
257115383 300185771
541310054 568312842
194925395 338751776
547670015 685076214
718277571 904503706
418536448 470894552
81525335 713466969
448322402 700383376
320985857 637083408
922054782 992601416
181777880 565703785
571607562 973925033
998969270 999798539
143971459 171838978
588336300 867430205
373867262 574235236
791057383 994497812
45156551 495727472
762506885 987503289
144826044 546580064
2925096 479715143
933591078 967536841
282156069 463195235
548787850 670505005
410982526 709737985
808233013 810502663
94003180 814858554
573216195 967913287
123733432 261842119
796635955 948241819
63156429 676064905
22339853 960504999
50885047 929623063
235989474 748557582
866810322 888130171
671224753 736710687
217721715 723852938
101537017 817381979
37750695 259675916
364621809 465573426
789855442 961434727
319351099 656345082
596556857 605843748
871359898 873801635
601173076 840030029
931340431 974226451
125107918 696374796
111583871 650380844
914726420 934505456
342898753 666949356
15859055 849678825
970037137 993897829
728923513 882460320
435895160 957810706
215708544 766949594
602896694 664288059
427710241 561145151
806179127 929338836
12020109 424866644
584390951 633410587
5822347 428896708
44649762 300393447
845261505 920856015
214302565 447170862
875259069 928818477
995038258 995993988
257571041 706573517
327582382 451878375
920254082 989465118
295228560 911782279
794710211 942449077
67916524 756578998
411676042 468472833
282661625 349417124
996080292 996402826
706332920 874629061
232012792 387743742
284133851 895651185
35200249 549010919
976388662 992375013
993645000 995010232
11856338 213633306
891274946 981415258
313618122 721364397
898914428 969840270
392407543 929213857
528228700 756905150
240679177 361837394
358251954 564342182
757087221 835280476
684079332 822341019
71057501 589279734
460728770 583255678
846534479 949373859
889861618 987253562
846546673 889395208
379275408 846247285
783586926 852010194
940408134 986691391
72236107 260289573
850615748 992689129
28750475 80451907
498137914 650556493
664625515 972942096
806573266 942462182
843270513 984342242
338597114 405135432
197237584 558532650
322306080 748031204
468604119 729700135
495712458 593625382
650071465 779594001
840374899 930393839
745879848 891699174
776862574 992569987
590209795 983484599
540721234 879453427
832911396 894938719
122975914 281122228
20325039 161933987
971000929 989296325
694379864 981208442
960368237 973562558
639131628 710482002
842256562 954051181
913952166 978867806
865273519 983646198
103027682 342047571
798910746 996573133
468403234 906345655
637125821 978676763
66410536 606040623
732018278 833827910
274847815 768050331
455154675 481904348
518548407 887230021
194306190 882307860
375437085 697471612
455523833 573763357
120563952 551051487
257814520 350706330
163414288 241152495
807482116 949262376
775163104 987393105
603732969 654929521
907432520 938797480
999943644 999952942
136332092 386471485
138690478 206257696
428149703 956697383
157363896 483550818
62113115 662989498
87660609 228932350
409114098 478074142
895002387 907128123
588505185 720953298
387137646 738567641
22208445 886085031
256427643 826088284
935899329 941603043
792471464 982886196
928219590 980849648
471207835 961662028
85670623 365936111
527485272 563805200
346751 164906191
121691881 684884085
895015616 895999081
286544527 881720058
637421759 997233347
413604335 707934191
128052151 933383469
512074993 854000442
644558532 986180953
772147006 948603602
272306356 982596312
397627963 890337360
202381904 702614649
386902832 849397322
29867565 988873317
51012051 948285482
908073972 910237778
829004957 925036065
788179192 944357011
547692033 583998375
492067799 967680937
33557748 394180526
692406504 792959213
70249164 404904037
600616030 805180935
52700728 160416194
774727777 867965161
537398755 907435123
670094536 728253126
367812540 996695605
788335428 928784655
787460272 975296631
630426940 771306633
750688546 940346773
630726610 844966875
810224446 893230956
233491490 523295860
566070309 566903924
608075058 933238740
755415452 845125428
533566207 791828216
231421127 453052913
987717652 988752316
658181863 812175865
785766733 807827031
957661857 981058120
795283920 984780194
152133044 798883435
185773735 336199589
675777590 896781082
790086529 957727084
574522035 864019712
740443483 840006591
690343618 715451028
414311471 789434917
989142867 992666440
110604313 671857557
824263595 859950195
351773243 352963927
296284209 685738208
932370466 952751080
751688062 944423389
564120448 914786815
291986211 339339827
48565544 527359897
346977880 765681171
824415221 899102662
987358695 988077072
90416126 528809442
197889276 591649683
920704980 995686577
586216272 764985480
803824600 912235448
642719319 668659588
177165265 964395884
843453320 977471904
902557827 959370382
224572374 444776957
676021317 892635574
969614010 982054909
681956752 985155581
18814764 19643093
276601609 647789075
36084821 874853912
963292809 964053663
199649478 490567611
961481082 971769327
469715591 693815262
817829126 821446328
337191810 751090978
475112314 865086471
973278260 981696539
630643996 691000191
767990594 774848342
457463364 686892849
885020224 916943728
467543366 976365090
990718101 997087705
904989745 972505294
321717297 631798612
591165006 831345739
521266255 631097746
397202548 765204239
311886827 389034230
379530814 714309647
966098696 997396680
858703167 887151579
277929615 736367313
317524 914994981
639964190 697953634
409582699 468725954
907091840 947556026
540337410 920480477
526312504 957010711
45042771 855544749
88600915 238254059
160656235 669493995
431329479 542387604
906172899 966036880
219323211 511138869
340362416 434210712
649034954 916981424
103622623 239161950
419109370 917489390
472509693 706121381
693940661 909680881
195170839 917642440
759677840 946297417
731334410 783213337
108608439 935898474
48046221 649748931
487568579 786757483
830001231 987122536
604466488 961289383
123322781 728847988
266205249 664253963
94835111 144873889
455819809 531495574
512706256 577318934
160108956 850356222
623739835 926277311
336129595 996840997
10208165 125460515
16489480 246751335
661307802 858935442
276820425 381394111
425539767 750753083
667582547 911696431
141832238 401748966
887469774 915895222
624454645 819918234
372038351 993511859
942509019 990408247
9559550 339612588
7086670 517889110
750141146 943440386
261219728 383658955
799582396 800956668
796960038 955697300
420920837 438426437
629081044 637820747
630119552 994294449
752231587 813567400
669429143 833170734
906113970 932854404
729121087 778177789
815755692 842998257
146873302 201694775
707471674 824956307
633461591 881157895
769217841 922524810
723467685 923966778
556360826 770527239
513064913 746310802
956330444 960114667
308766395 887151597
357409129 953274712
349588236 882902125
202249049 428404745
636652504 953530750
429702443 873725847
952304535 959238078
146224199 630611099
879217839 888079751
2698966 596269731
737434359 866852404
681191296 748482027
806870041 913034326
923025078 971494970
744183806 913431846
267077219 750051846
21099548 866689536
210818764 808341387
458404443 477641906
190346954 525428328
29477964 883969195
677078814 850289907
655463868 992848383
793681342 889801150
269316440 866962266
945612520 968691899
509250672 636230353
177423643 207421507
269149199 705541080
242027341 364958204
132823557 645416256
222077404 428311305
642274733 997461475
268481103 677699234
511620021 869086691
976790013 982338222
536931674 944229837
739121665 892098086
56571061 811241845
561114956 603521031
707781666 969223661
885034263 994406612
993678395 996376214
677747718 840918361
699176904 804386107
813593963 940667371
152753012 172485248
692350389 750099620
750126353 777481942
689615357 842667581
733207016 995507725
133757358 299263897
310310519 662513899
387786888 598683088
496746587 622872695
657368321 969615125
428274024 965784780
500457277 851931219
821614699 829751283
563550474 831188650
988443458 991272604
763402919 833606188
493441751 875933566
212927798 725511643
296583185 363016694
194764577 856401597
384436191 745494928
363263956 863633274
28298018 688228974
213453366 439145910
563693874 633944313
969463326 998397208
763867014 813757739
422250113 590520433
367764232 761608281
66517890 378885261
581580065 612051704
98043650 604629915
513995432 872630174
313348058 641250182
33384157 681776948
181103510 810663845
763570727 890773311
935168477 983671390
816164245 887165056
135847353 489775576
263167499 388689025
836470093 941798346
557675108 977065223
949689773 988187910
706066113 953812324
863848508 929421990
500085089 595437414
237104184 975282590
170414448 804649872
22837027 280377647
977391329 988035464
799136315 887419578
735845838 988890517
827149140 977517286
78657231 788419246
908696383 965230009
314994256 489133477
434039271 803819853
207671478 497651440
271201435 961574091
497578925 971729759
27784077 862255680
882408211 938079693
490922613 632366469
641616561 739388122
769873407 848959039
373792674 640560592
374279621 832524550
748628862 783189634
983741598 985956676
829914247 856889021
667233083 853045894
680492788 929512044
443382499 927540240
966875955 973195794
950303581 994331775
873098543 931298972
575098257 872697839
672245371 868470593
822848103 964564343
875549722 982269628
83134022 547943300
606573424 647889781
314125511 649172161
542935040 808562938
614517073 686372188
583065401 712361233
232361425 670958681
298257493 565072531
838440539 940203180
261198957 530397869
405099109 758849375
539157330 674728271
988217210 989366270
53155463 185134015
792954557 959962580
1861533 793412455
828898522 894847137
885104739 906891978
824898752 923705645
594736789 954329749
298605798 672663205
692899129 751045862
553559111 903989726
193494146 885444263
700691654 902804407
435834988 679470597
569780984 989819940
369007143 600890364
103647397 657539222
937848615 975394818
44276450 652240246
694717039 709387452
315648353 497930247
15609006 863071827
626853319 676146735
13003616 148285413
198683452 661046833
527394612 921405390
753280518 932925570
790300017 905810427
441908042 622221693
193335503 940024305
312907155 851794654
861528534 944325293
976934108 998588369
404244114 782095359
954314214 989323265
437229999 629888759
166351054 582045096
776441216 891912360
455594757 874545337
241437544 391349250
183695576 778387581
902901468 988810059
471967763 871433312
717026088 913891503
402570061 773395458
600561561 718014128
883428457 898077153
451652276 532100266
951430700 956476190
36636348 450541006
141603626 766163295
411187995 925477652
444139371 980168456
72769526 542604817
106231188 234758093
658448002 721135727
453641680 942392315
452206230 976307917
662442199 780735304
857888384 987206023
880739351 920175080
698165188 735810858
332423193 709836471
45323215 665250601
362374953 380594643
603209947 634860169
537068096 824190179
569270835 789684417
809505135 958342063
208878797 593734085
886646057 901118375
947430809 981424661
672837917 897709309
535833891 634577329
655488114 863442850
934494285 966641655
311143596 714128669
431348639 703064739
744783007 844993359
712152461 834305466
550511452 740948337
602075542 986508016
269493165 879497391
300540062 693779007
241599680 587179259
305034904 772088704
490258202 592849753
193474297 796669096
941280782 946330519
655384068 952872426
356775912 800251553
372440832 907034702
375542718 782000107
246902225 684117180
475543694 958805266
254075617 998984330
371315714 715977096
858388631 988369190
915099501 933548439
519329565 763286411
412021747 453308155
942940104 997613805
801257552 837073465
161133301 859314805
950078445 987179804
342840041 670821187
766352943 955497648
82272248 287167978
312056794 707313517
379542992 856927736
262220870 518652640
913931937 967951583
495344736 952482999
602684080 813749097
844107765 901912171
827598195 872169991
916726655 935905551
392580618 534911790
214196227 460846054
680322618 726377933
360644761 589679785
581992632 768684533
219258757 943576349
28620253 282730773
706362880 752658524
522418738 562902381
497674286 976499922
562906374 994171193
660711391 820489244
997435570 998504726
966860753 985862336
798331298 963833793
691709918 739998777
343306521 461330604
748671526 801345198
494314855 784655548
348938148 412549660
828769075 990804985
594893141 647796944
785466707 800852090
262398373 836074824
764375869 814997663
902523906 929756998
14596331 890573502
713906968 947221765
65853876 793558839
374590685 891418543
787169572 843562532
930722473 976369471
854790888 935192604
937780603 993523639
886651370 908888008
389639775 967199321
554319981 619415339
856213740 924138115
702259066 790506319
324373479 511921588
316744000 329484967
231436296 495269257
475174053 758233399
950358736 984327112
85380619 328675763
559491997 619088552
535713732 744694228
880256659 944654857
852097730 954478688
399684724 698547156
414939275 457129339
432551242 966295090
959356801 998295135
219219747 658769843
132545731 413703853
156948234 379455279
451439136 949610082
559140120 873266251
85808688 228657298
540605943 922391534
994726463 995292571
585288587 835480074
815633425 848765941
620804194 655877085
957378419 979024029
667104825 744968219
944243940 987473713
218632740 462688039
268764105 907654420
543907391 824492745
417286378 417888883
192204562 285314808
717557829 829074737
251489018 764201648
669288229 720142361
93625597 810381730
227388442 406369222
781420705 968676708
388563870 539111532
440856368 576534932
244253653 912123344
675825182 775276303
785242739 881534265
852354811 980866559
110739547 876703954
636323969 900854773
205321970 769322157
347177737 896363946
143346318 300023591
450710434 752727491
280440801 962353914
339923826 892650702
535461421 754461277
228072367 535599393
663307974 671818135
924200736 945332143
596374270 821415061
988515117 993392388
971609631 973874974
142598585 772036723
244769646 973743232
985606456 988374509
403009923 608939828
70033112 423238934
257772474 593968967
306209172 524635380
996147130 999579064
275293789 902067359
74893177 413084162
948210574 954364596
847409033 994662513
320580807 511221288
293450447 824632503
237677680 359454325
136849043 914758609
618093072 993371471
695954733 980911056
664155028 705873786
567116611 801159393
451592829 633765757
419012341 862967867
70187066 748506383
427592187 686796263
290358459 389327020
430811141 797091949
427064218 638506656
23375789 921684404
295229709 816580452
507648745 747705450
693713943 810532542
377524612 664567056
311277187 470344522
938052705 977716555
853540881 896416374
885720192 951940948
271338591 606962946
934865044 956033184
101779555 791598256
206373925 630743412
606110789 680900206
387649758 857068229
912019930 987147227
923738177 937982344
91404938 443312713
762296242 815729289
458319755 832753031
410478110 755169736
564363506 966536463
724517247 939219237
482295528 974472799
884737172 892368151
990427666 996481830
337687282 829178363
728865593 898606172
545787819 976366714
871732565 981519192
177984301 302966545
638664491 748174772
85907583 464921347
565633443 862239621
443433410 986863898
95810364 175528074
690236629 942846676
536243597 706898211
916513933 940711305
257574419 720413569
22432447 675879197
111160293 517235960
152233165 717542105
824678144 900070811
441015631 940329697
356933785 881717390
627645158 905630765
368865261 686142272
826075775 837042182
561886377 880408064
55953208 218081270
984665978 991565680
195302898 928434117
978227636 986304512
561572183 664155772
355643907 933685497
337622765 743484656
272507324 613876099
312139307 647994313
215873868 558061748
498807743 538299854
891952785 906407685
792272226 808365733
585585425 855221277
333371824 804004132
690205753 764661146
143347237 804480046
919640223 983267270
123849308 706223331
462549407 707884199
758550610 964300265
155290556 648446320
186822259 743141595
247059751 399565030
14544635 105578592
661113190 669412821
16873032 19909170
366848695 781039433
411016044 586140550
951786209 971844648
915388225 963388333
690863164 860479647
31771866 590864810
962071504 969776737
972380322 976969619
242153325 554094339
365022990 829011424
237763567 478557532
280373356 582999030
18047667 569372678
133090172 194184588
370157089 809468886
696307095 915549068
843268939 930149348
580037374 831519335
62140854 508499235
339275534 650885297
244461330 931549094
911242441 931329987
773765034 957833477
814575528 841992186
588143673 974463668
605193982 951200216
418636938 484281942
988481140 994961527
800244682 806243403
834672659 948753735
15924675 76254786
508953287 940968316
559266550 922135379
853130734 917824453
156082107 985060879
778125432 992777473
410537334 873254838
744145746 920658411
394888663 839389894
800875279 992145535
809171670 988949053
885967300 942253910
292270716 605368512
232751495 792529872
34095763 809927718
57976973 497599540
493716111 504453430
279847617 836604138
458432313 686694426
615900300 817269268
158500499 932934518
940826838 977613315
77693069 994582951
106768189 146517385
139326916 820162153
424001945 941099001
731571349 849575722
663812308 723230355
681225918 761396731
124191869 263106734
585304760 656552794
378167071 404366215
301898683 951483398
913043483 973739867
34636427 67340570
413716711 747269766
984494275 990530676
293966756 796213288
99629796 605592192
230758406 550154965
835656116 845002835
929603337 980685952
124677439 141693054
139858127 354651252
337533343 832114883
939612444 978141169
450434422 524158619
800914675 834678716
837502167 968737544
197299717 646946749
603400294 676958395
907885060 941798580
494919188 967539646
273460370 986841693
873550613 976988448
378388997 756810969
70227065 182870892
919170059 958317565
676700345 864931848
308832498 364405439
464068461 516823854
754119760 863801269
356229143 505187227
167959258 858634929
699184097 795969340
119023788 522935841
130128381 381895514
838585572 965877023
818514672 898401413
236668549 908923456
531022391 911613667
803083908 908509252
883552503 986479455
490770463 590826356
613310562 768694057
246956316 298907477
633753837 917467727
315488557 900604145
732568600 800240005
560058682 635143241
196928000 974357257
386418443 628595187
560338765 941190135
482240804 993622775
494542643 622042766
159864653 305534963
153515805 329952956
441896096 839154177
842685547 945883978
690663573 783167164
514004693 856597975
223019508 741433449
165579540 544535452
289861836 737405799
959229037 960541489
236003979 384175088
129541657 293679032
557440964 965650670
187439211 856728460
511189380 975641802
247169926 387806121
797685977 832308010
381054755 522416769
484686408 700972626
73132745 236758729
959124130 996307078
850637035 992563764
814342747 907275984
163692084 241246368
963463101 983475840
919093883 929829808
453468140 913975169
11542783 594782762
100145698 634620277
444637708 564317957
498609493 904552871
261748806 623459250
362606375 817385758
508020361 981446963
497658367 588287910
426704672 572829732
487906165 793347680
794869215 854098880
175124353 734518397
725514153 799744076
687744436 906749161
886109877 906944076
127203632 176548097
778523038 967602296
744110401 748895569
671977253 788922293
781439206 867763159
112346078 148248433
378407560 496077701
502049523 876321516
8339401 865538838
903932207 926696576
532932072 821921479
146907910 471041365
770412314 902530606
970854697 978761138
778759203 879017754
388782961 904390110
383566466 631153349
914611483 971054996
600100870 863673156
310244335 858640809
264656426 896126079
154232451 574915348
534991695 541239038
282802872 847307505
735121403 837055315
919469096 972942640
814037511 874459304
312833856 624207860
572261072 745637561
794717362 902638888
950907604 973274979
85709344 668385527
200154921 719913888
664096703 938974627
742383457 862577814
785110056 913254440
811901390 889578003
441948511 626038507
658517940 953905825
463020012 853136089
882011867 920499281
846736619 904093626
669042379 749438272
54128079 646824316
449117603 924489199
222506377 853489294
9888442 105326138
587230564 856120642
195904786 923197591
821772313 860162611
595780945 908725544
674906763 803708080
165002206 233485438
529161120 888209782
298857650 416202578
771245618 918022466
788442487 847939261
285934282 913940148
950303045 992054674
485879634 684753290
834629484 989974318
708208922 875223862
954581693 998962936
91106362 870150677
385856104 458709099
941189809 963956820
294054338 677119820
844441060 974778679
437582657 577027209
351335491 837439151
659691343 840849023
784308582 948157938
458588725 680361280
430499401 803178291
451689839 547250683
296842799 423574237
436135268 819338770
442222229 987279026
818234595 846270559
556859532 669747362
917662401 988522811
547904475 957994602
77731800 644982902
697471807 797949526
554304210 766800968
463001669 731331931
458383516 585835898
396032204 398764086
502886753 849666280
437196814 445181581
768972583 773821603
159335950 220354941
989556927 992644869
385573255 864891370
355020372 406698817
406993832 771495293
184661443 456320613
483012058 483131597
540335 176683927
420766563 615759196
583555076 812526540
182860338 388826345
814552253 934697387
288586871 440939523
580300758 917428508
392922545 502359034
845156047 915238765
964037941 969282177
467926816 787889916
97807118 566319493
839741620 874602665
129820335 754185283
268326177 809395453
47053086 960970274
96644977 657791566
356314837 595561640
164530301 439281255
227001651 886499510
508951464 906066359
310394499 743725626
254574677 783475418
117167301 912617967
5237295 414179002
631524013 916398513
593918003 965769681
266429941 469478015
534899304 901690801
915607582 937788525
665155034 740430265
449692368 627676508
274569475 794942631
476500955 647252495
474071558 736615364
534391361 606533428
798460014 992128937
289915210 468105059
281434123 358923581
944631458 988456495
838217599 876958592
300725197 985073668
279368720 983175693
86552611 223647238
110246678 698879925
266914558 545515887
289704479 340106639
961817042 979265622
652602728 702792727
724205745 838790351
279234060 548612585
176821109 382796025
49015501 725041038
355507023 453753455
457839660 754824815
948279664 999886585
504670946 532042286
656160673 656455825
431572820 831632435
49255966 789554550
889080936 906122902
380160086 726599816
811032461 992772208
235107899 998335778
87609258 548917611
611186493 753140714
101022014 153962714
664943423 813881254
362627041 741759121
349452481 373133325
480030163 529331480
916034621 935325974
528130279 958414203
462395754 817290145
544055416 941127934
971422076 988619569
330620333 360266158
512608858 643328213
198230883 434189712
895943463 906442589
34470528 396271275
760506367 908121844
62607417 182868890
146737844 893074969
613139312 921528158
908935527 998024942
399687610 453790646
680744320 867374835
898277062 993592679
186823802 859199476
845894451 922275552
612410338 676480882
192395277 233859769
589282005 666490675
738153360 994547474
890464352 988490635
502173259 607129370
860401252 995574206
429820782 867647733
761631730 877220122
115951445 356948979
856843373 899480871
264023557 272969018
509783207 760848529
168180511 338459580
621601584 971082697
660827430 700578096
233273745 512682302
182530653 600252076
814268051 914834667
804984164 912753322
589725048 696418278
364134787 971447653
760257664 806532912
55305857 77014700
755168487 780651447
427220164 901214237
687852468 930123181
606337358 924893656
819291764 975077827
103230266 321034311
457570185 999714169
660713911 949543462
654454864 731105864
219659285 472571530
955337852 980015752
114796306 460239576
699426793 752086301
768319274 836326549
334351125 905236709
605626585 678261941
184294453 317842678
986922614 987271348
872354343 922349440
820300970 944029051
157329533 874898190
147928534 166643325
828735053 863910844
102356435 404417702
389019912 605372043
471819871 529985375
568185047 614170795
988618646 996549570
404820117 913947226
569075478 990011644
664771294 941435927
43842662 772585167
294805518 719035101
397641657 713811920
538504677 624907349
768147518 929454427
58704758 221577748
259099610 960371893
218553197 916708587
199720605 998008872
314648202 375502221
23287178 29005080
565216659 933683276
72424070 598786178
886044634 936707210
623612795 797241382
228842290 650321866
587496123 985186333
454022583 872484707
256204453 642534483
285928453 598204753
126389051 356605347
383775578 841863061
328721500 543779885
228841360 280652807
560615324 989077247
468865500 567859900
617491475 994257749
313590479 391164968
619702684 949316752
246239589 891757048
748090168 994198082
559273634 592954394
575985741 731323937
496056992 735641259
116338103 444490199
375105423 936287413
673328037 698235090
180734272 575791269
254322325 949503647
757611178 980903579
242210503 670632794
975798629 992550046
134067169 147542838
611713526 930593634
49222563 832794988
908523263 944566075
998518961 998590398
973322297 974497175
414037186 684667809
912144410 953393776
111411595 171409741
313886233 919526795
837194018 875144618
890988567 957799468
825143287 930833307
515337676 767453303
212799761 624150437
508137034 958623873
52600503 534686320
235019161 816011000
320376527 448001370
152300422 626182421
242499901 610895337
213055992 252942616
472794864 681776589
759615703 928399119
241952666 852155487
832730753 878784119
311632270 804706671
614255960 649357175
850726484 932024191
967520980 980416779
240832526 539936610
626474639 696103202
868830379 936338578
323387855 742042821
563022553 609700061
252035915 710370458
138121521 733922221
354084686 711041944
267087668 334487584
328340304 451930136
421933203 639109156
858830720 891494081
381656498 985965308
818104900 820366544
577503930 691386497
72738367 812780462
720519922 814030411
3154157 565907129
645256443 934524488
876279760 914204093
934029212 991721267
12711687 492745556
717495284 989758854
965950782 995885158
738632004 900859099
683205230 806787134
999076522 999358175
525725285 922606924
400814112 584313690
77210830 319160176
828696835 924559019
868424390 956132566
741329168 933421864
832917099 977575825
815595690 986025315
705365630 925461477
647848014 702724646
608268826 776146647
504777514 903991711
161684123 186999318
753087168 973395285
662251938 691590202
328473558 708196810
463383358 514407589
506184256 836537436
57218074 191681075
727988819 843952885
510771676 920547168
292887566 931845946
537339318 892212744
600722405 782443490
472087564 493109035
274059223 959394214
378755321 750610931
823260657 894313675
397688529 779224220
908097331 955258624
936975833 962312324
597464813 939796411
989863557 998035541
483910662 504149714
103579295 162358180
328112144 364840568
768214808 876155946
738761611 958745053
92988577 407431985
504333110 701628913
145367911 993586032
756362881 904934529
733429018 901805456
202928243 806074562
714436771 949697920
684780383 828348223
732823435 893729775
685271038 763938790
836848775 993462042
362329614 554950422
117118726 977538423
726879119 870126520
227418225 564168651
698952007 915717532
269405822 748822569
251287954 716254923
847852104 915926915
77496056 878527367
32466934 70623082
440293079 523761018
951811694 961849188
892414759 947211131
931707837 971296967
835698301 911677787
170562032 242825142
67795085 108624255
358760559 378372320
420384006 847431621
688037360 933202090
370317610 520679173
671302684 723227131
194100717 767156769
250408651 279307143
413388992 634318612
938078500 958197799
227720272 752468127
523892578 869475522
787155961 821676559
378934021 966289956
437685463 916260705
807850346 965654880
725043137 730677144
935851457 950318904
22195467 185107446
614450140 718082992
294232652 396496671
56784376 793667380
891402203 937519430
252920384 612471640
695211524 914456137
328954987 645746287
79302019 503186793
68496779 90473513
63359461 87428128
69172704 623384794
654968317 862763231
654029782 801873505
35333982 638441176
916432872 934106052
275277324 563559012
537967090 827461638
361001898 797601370
154571714 601007731
987778656 990336251
124225134 677398122
37642809 161569393
210209422 428805746
923923350 957172151
985719586 996786606
181746358 452509838
559789908 620553251
811000988 927007111
655289242 772992232
138435488 686202880
921274594 943870500
387681276 945730231
667219659 980981774
438905184 929059892
421930150 681036156
334167314 425983857
844633700 902593219
587397117 994917233
620350448 672076595
836109791 949424417
609073843 699837689
739552168 745957693
653948203 791367569
370671835 909436457
920451264 927617704
533428268 986314495
359389589 430251521
367817006 600003481
261766300 481538386
894901026 976856100
981831581 984252800
845797614 941855120
525607828 950206682
535165491 740825898
29139720 713243147
206583661 598090618
248983680 485490678
829270874 956256271
302702876 678185883
874097644 933562273
405293193 927969990
581275539 583620578
178328065 417266503
915739562 961745609
974384100 994992005
303379649 954948347
618753940 864707847
262540143 947019378
885691550 886071884
337325562 716904116
870925674 950230818
440405668 650957690
994708901 996292714
522208906 891886167
627260958 956923254
875920513 894337711
68745950 421163237
708439162 908407160
618548980 937119687
758327452 812197451
799211985 969539782
418375369 597855352
262724249 979739907
511855618 837237744
283075377 347702174
762381335 867452663
461669497 528167828
964578678 987030469
492541532 945258127
573125645 803042409
478062741 597617116
326664207 838106280
42271041 569571325
574779420 954532932
176300878 953841603
893704395 938290534
273121836 940265820
879731875 914517363
650123409 895608525
823005279 826935594
938862763 941419094
629606889 933743105
444417250 465827577
248701266 673176902
978343614 988862124
303838730 352777431
320588492 840171591
702996139 871934668
489692316 597957525
484563387 979919573
930879708 949703651
890972067 968771837
480484271 527989856
763292103 783762784
604931323 625395775
931038379 953842773
524719853 596599940
536610128 565166989
991008432 991919615
577836957 578542557
983142155 989754888
873812479 916494812
965489001 981234639
352219147 907605923
60898496 862482337
698181211 910439604
951250617 957573169
164529645 989088736
876849139 939180107
145860755 330953661
987979156 990603123
214544203 822066724
705883565 715203225
991683461 995325522
105499270 203540093
318361049 694320044
912165375 951184350
731416597 865152872
633448340 921745980
231588955 685566440
895653030 957946758
710565837 921754285
9246592 116666137
890657701 925544391
3092350 101311590
431277528 686720700
71391779 328387022
509586945 988716453
898662917 950009315
514906958 975134622
2718733 701092156
117427592 193701307
841790666 981065431
822496202 946238214
965700487 994844726
681396296 962474700
358028648 829100705
799799639 871734603
434815369 524228847
723513575 864242736
458197277 773135255
259155929 407750762
414208825 986825657
542679688 783482339
576245284 699103856
794673620 927898181
7373037 167905760
27755744 863375999
104003495 699639611
800963053 872965307
503794258 605057630
67711578 134997648
821399295 838303619
82339483 250350089
179814578 810783163
732615839 758450390
721694092 932405467
207040047 865455486
417552425 848893895
551082028 686642969
640939825 786333054
903317820 904039300
464179612 976841861
741546831 827039443
574921767 872368382
719345445 833332606
601938329 752180429
130616967 514209556
871502712 983566783
239089846 656677531
111017810 293344569
869370435 982766257
279482617 386975558
132490016 873933297
425959758 490771208
290627216 432281362
490212453 868830751
291458592 330017050
176020553 378869944
94941018 979500690
863121070 987230732
152415512 745406835
599074169 677385802
38664598 715893161
675145337 928933319
477062289 797170557
690528632 864628588
408427668 823095379
150031370 944276865
997022031 998310771
833140855 954604992
697370488 891471985
422553271 449914305
561363783 955509353
598590175 841390014
865852041 935744217
718776131 760128209
920457972 988016086
963205136 975144771
397674903 595543372
560673560 844231906
927635321 929435448
317881774 689558716
28082482 436318767
192153253 684229866
632560083 924374686
11646081 317546841
246486734 916470783
156666271 211462215
502130132 894833284
356741398 552210521
990624756 993704266
766454128 910599741
270423054 955873853
859837349 904756733
962444352 985986332
973098360 997801936
195299912 419116076
887444340 990537545
806839146 954643023
959485443 984675756
153199682 418942523
817123164 850009355
271510366 868433581
601450782 957959271
821629410 852059415
305974952 772448851
954441712 980076800
43802103 172893216
67782812 959218362
369011507 386865875
106477451 109122559
647577820 982527078
881586209 980959894
358317203 883308578
815565931 983712452
261433991 613669834
461440538 693445815
651797349 679612354
745107163 960086529
546372820 926043847
254909401 512402319
422105790 955176608
302894032 697843316
244265246 293624461
836445025 898769335
975346931 975753863
892309669 996212245
647277222 655485469
299391551 873620200
908509598 939175194
826010036 892909773
879575664 944166259
166134489 953980454
942767155 965698374
129217506 432688917
979594632 984763140
826204010 920497055
13907826 605051001
803169359 845945883
463964895 901983736
448354072 632773855
164903515 600084997
474048219 527162812
190118196 730261107
711327995 733616468
673765099 769882956
983155117 999120130
325598871 628401161
103048969 473177919
423218103 500719058
363724286 736540079
521704071 533810563
839423117 893007874
237434726 688237615
798755143 909611315
488877306 645688397
810916623 881346192
560989758 974413346
882161785 947110323
972679657 995768931
242386268 728494289
893674297 906880288
415150113 763884791
591810298 596841164
569609949 871642503
101967148 501081909
825165679 839480146
982867673 997198892
990664187 996966342
56531433 759665782
673113763 897627705
112472357 972226013
843979355 887407997
817343078 969992894
285535968 370089037
937658563 974685945
491578814 697065288
562781441 809325451
668576786 705949265
591252185 825351527
498590145 653967017
820200884 992469832
225089097 740979084
550527583 724145137
960766715 961880656
52961371 477106550
267811204 795186844
889518331 958429272
817401531 901742968
577954789 804642481
636492380 814492092
153516192 572392675
724763836 816384388
155454126 813793691
324780716 962898013
854250198 937580307
852897772 853844400
134635946 410983713
906266063 984370437
141368778 494028266
437377306 458106773
435671501 582096727
737522923 801398272
798761083 873173874
770002882 828218513
900958560 913183254
190350701 869142539
221657493 477210022
911377353 940589169
898791982 945563461
745503131 985940392
293974518 449747354
838185578 971214437
934160117 993386120
171193195 204455588
405608112 775134008
818994117 997402020
193599443 782886001
723165774 838512328
82711879 408289559
733186531 877748868
260473426 287582636
249843133 429257227
497161414 867925480
163290154 650567575
647477204 879994129
386086550 833216758
73241007 691308049
647524283 931327579
716917650 978127634
953077206 957581967
72469206 798913211
824910306 857065676
158120446 714838334
10954090 103935500
640217157 738550131
446757722 988264337
367725562 577148245
551847061 980647591
232539688 557901015
214915398 769264564
31104344 419475080
260655043 859814524
135548501 747316711
681217365 829007702
930326554 976804496
343753106 785970674
333294049 769378927
495455457 752408314
605332204 902877272
543802343 842137904
861299942 905901947
838588295 878578359
621300970 661143377
98030171 212671100
596002092 944649831
277268441 721287596
194086781 672226823
397738191 434824034
98603403 856185282
601874351 918269148
778646330 917367284
487262803 891839067
48673035 183632802
608678768 795590883
785876354 812134997
301243502 680584578
590698215 793755167
677780540 836108560
842627430 931639189
101447415 287034507
298245201 803272181
235698184 878018312
614780316 904035868
851459932 882692108
523364189 963085952
248668510 836610241
117219375 784447209
189100862 668668804
517619315 785642946
296500958 567235940
428211430 937606610
267387560 602952616
594790887 778515920
843009521 969649788
967883983 995383840
590949056 721413108
652846920 923215475
256947500 266643179
687444258 720135775
460830283 909394234
977339906 993283346
869871886 893438311
754892011 927999437
922131574 943165407
482929423 980639453
827400170 986365224
636378626 822136316
975615819 977770823
698547042 977335976
393218629 904560964
571152785 818597998
34682136 211426869
783363867 999287652
647808159 748384598
761073550 867423306
470545617 679880397
647956905 683585754
438279942 656189818
417958771 807538259
952943000 965986692
945644106 956294430
802987539 926382700
226841699 916592677
497723791 732746883
976772517 999653145
10757476 833509159
453766131 455085737
861750941 867523719
301047273 712340266
290700940 295958341
644735158 936479855
157262031 231067123
542063035 617095324
135909849 481936098
141815146 245803197
188104439 233445855
437394721 588815531
233802461 687102068
468929050 727356299
436230349 821751226
400784757 555802869
901016600 984879904
555003887 951258432
225947411 533633014
291110556 849788244
252830096 726594187
677821111 780111876
15788288 508488751
859102261 930394278
59981615 633911750
50555493 636623072
983544453 991185580
835668268 846169367
307919333 845438552
112474448 129660462
139261527 276322371
556811313 575294895
755175401 876446681
687894738 875486943
222962475 434930273
389476092 720552330
878336696 968826679
678546453 699596348
269657878 578009436
584297526 628387470
19429583 179633159
260556444 329730929
402510996 593787082
164479979 796146848
457229633 642011285
199901867 887686181
450409904 749279226
270218269 735798702
891205224 895559765
615091589 817650636
380188195 565276753
100233598 473881686
747982244 805581691
890471433 941505937
25024754 222711504
292640400 295350548
815510853 959879776
695905375 704250874
56830683 832100472
740989358 878810292
554029468 705728741
95837230 649181315
506421244 648450362
544599796 910559115
376545059 775769357
547210503 666219173
703648014 711434580
878848199 897687894
343696215 759015645
691877671 785129646
509712067 801593675
884024324 983591234
327227554 884383439
851407503 913572745
13081746 874189952
215259823 531481404
569615396 878601432
605252873 954394532
919243676 975510640
67365310 450849834
699698815 725856717
479610403 971432081
309676409 826227765
101650651 926176655
288116272 568191393
827621791 955106224
342433964 847016159
28857851 460768139
45718251 448062002
647250885 780836980
603569592 865777620
957181695 990161264
121727637 232570644
225217461 386767217
895934770 962003205
620921890 676925151
826135006 843279642
156875355 726761416
840305267 888045354
460048983 739033555
836012089 961498418
122519974 773877926
484530865 966485760
623860525 847829239
982959793 986428804
107733847 876390260
58027793 801186580
655491908 876146793
692613234 875617011
282178098 718101402
192689483 756063906
57388487 438457191
784173391 919214234
840746039 997119426
527542326 638126049
372394704 983186327
291523851 823030901
855716898 865133223
366401108 945850671
609223132 721531061
212400168 480287684
442818237 723756080
292048210 520646585
904013677 959882372
744321176 950564922
153866399 247886790
29347868 963213210
216643640 228863687
951715546 973866927
294675372 654682256
983880267 987358365
611413346 842065326
25227818 725184356
86923098 966146868
221419602 489125244
749686469 778937191
64009413 283316350
995461359 998943390
115013067 907637967
994279208 998104673
33014828 220869001
963695053 996176957
71797673 302367280
701666712 807227539
884388292 952044894
455713936 980097229
420097109 533806318
295666479 497917121
17222811 718784639
464624885 760844912
299366315 662513646
636151891 806605464
198374878 253056777
454945503 536963136
123322631 467561101
364606953 487385831
389031299 438565377
562472045 735362488
711288527 989970067
651179425 998477767
577397993 962227895
385815289 976508636
894914416 937696551
792888162 795315595
126897239 733221950
366927408 895104912
74424719 507681730
896511511 908517295
134150946 910419103
186709136 891591538
677078757 748425028
312886515 657052597
71323772 290351599
470031948 805979974
322232134 542250861
46557429 408258692
265435761 300998199
977504487 985746088
699056597 994222047
836315115 887602970
862565183 949869117
846148277 851165706
950489011 958258172
257745385 347554774
730081461 894945063
264936106 426056979
747074129 988735614
190556878 195131413
195668166 737212307
673680906 816399407
512752762 999935056
670193619 670982121
143219750 473361427
1588749 335754374
567524462 732931124
695870271 921511901
520732798 840276427
939793994 990921833
929336115 961361107
312549609 330380835
296253891 854027684
862252843 957706769
633910902 766007289
670016487 957438165
762537894 943582593
544562753 876999025
765365032 771670805
695164619 700337405
971893134 975055012
630236951 777645198
330521331 618242426
184360155 811215900
318886285 488027330
905682193 958384577
164301669 569953045
105644733 278153120
563013275 961573651
147626285 518357301
757546070 937257438
521683989 677836072
812569152 910391629
72887557 522690738
555431619 843727050
448452610 596727753
507151524 614868308
770918435 778091789
668389919 883840062
646785700 912852521
718575533 746873302
808704136 809739391
233221925 620468066
153754238 599732915
250930220 444175603
684689307 704767481
641465004 648521517
637546210 695782699
562933767 769769565
658623539 679997630
188368894 318619517
848640247 879460210
335835093 853371653
840591097 864667613
938908208 968892355
788142287 867863873
964033216 992667556
818681624 959326454
824165425 920640518
722746003 918720710
15589407 755648832
638317303 802236820
292083284 600336571
197671558 746771089
195217137 818889275
767640905 955241888
643771191 982672387
164188653 699589704
758579955 768317356
534025782 985357039
689317070 907265005
104281716 258091393
673475225 972349419
881685551 958215520
350007870 870034884
512933303 684341444
605795619 798296569
164974442 804509457
196346346 704075770
311939203 662922330
876162396 997550696
83997183 284716990
790682640 970195306
346336428 733021996
185494386 329573407
769582041 801950273
290118147 528584424
993358363 998662153
823261078 931916261
143458869 984295053
37329435 463178875
322553838 980544600
732100223 745169815
773362287 816866559
136800559 747981713
127554420 643635326
746262536 851009727
558438789 733142337
863539642 963967424
320537797 335678104
605970712 655885270
490058347 647477701
724013261 851309737
290515637 399749518
782188746 913172184
405653267 633469369
619921648 971880759
103413466 271870477
787563951 908108651
760035454 760641191
79207106 228179526
702064204 829245896
623465514 857869835
143382163 821095301
275199311 608644101
353634513 754850316
694426672 993396480
765658069 833560464
812480267 959042771
585330688 891537944
178991929 979830047
245204980 293107575
873871618 934309342
695450094 849509489
22129899 394347552
260475309 790405361
699094674 823771748
202297261 783869458
679275326 941780678
354386829 493273812
373186017 563664516
666280098 748905600
732825076 983572615
506354249 787149784
411828567 513776588
234832678 327769598
547614984 924972368
672242710 693484353
885859660 979187036
519226737 776210710
225823814 965885447
759918115 798779869
357069550 871703085
897153772 928376847
160500520 996850156
106658763 657879149
827388647 839287569
129057658 464013324
765327500 882535928
4417302 813672897
803018317 975642318
775173586 849932473
402416851 495815554
825697001 993100339
709101795 779379702
120646351 483683795
31129241 651766754
971838548 974440445
48011414 463458545
27528782 525126046
784486066 819923742
925517832 955788386
544524955 689471797
609744343 693492023
552049926 610323036
138507751 559039166
699306130 928723273
932411414 981731231
65448414 896888591
70995117 265214675
789566390 949753399
943017376 991017544
971865989 984987458
483296561 861718004
711112476 766604389
225826689 923844720
75066212 747788635
983070972 991488794
181321420 762576802
606672160 967471643
430610737 736691949
386792222 525828757
870051763 992512115
538518918 589803785
785324681 854061318
801370873 819757886
646920675 880720201
487884803 563226395
559791375 757640712
890462573 989210651
780343308 904949406
691588335 819843391
38642475 988024041
741833750 802037024
432268251 556544082
975527652 981662150
106027547 345513451
17861113 75269009
850162304 986960241
920069636 960086602
943571926 955718218
859911322 977874844
793958065 862772068
229186371 736719338
924433247 998907438
839028206 872786588
80221350 223616926
804261395 990640709
3460524 934424890
514051522 770684279
565369139 864163557
957983456 996726840
954715832 978290536
582963509 805468513
59529381 163534932
918999435 955045634
939491683 948948826
263204489 313421541
411671909 663769530
850439119 946217935
235033723 361700724
697250830 798248420
540231095 659397133
280297731 667197573
499309311 909329985
355698931 655634983
295849508 699598205
596207249 652659723
595661071 961101819
156221986 685582463
24921760 808990313
688786392 713222804
930857221 990311912
213310403 250245140
425112399 647107975
605133117 711960557
18018227 302640630
446723902 761966296
897341568 902454554
248574212 308124250
793137425 956990618
816907453 838671215
377038602 531164982
635349861 951174711
334636143 841311255
598046969 908131654
767980082 880598805
981558303 998333043
400778657 747922216
206927136 883783784
340151925 947138006
580607489 712755834
338680735 661096659
3374917 180384820
679472843 833924434
302408109 448983797
236434291 545574450
563150639 710501248
111578315 685802133
701395264 725852199
613043320 938175901
278238375 829585866
198155391 789609925
811527521 839655687
685697470 736793270
930739442 934059846
648913557 810630622
934299429 964477065
772526084 961983323
624050918 898602171
419513019 964766982
25319800 122191956
177775098 777740499
360850554 445021812
611028934 902821954
479527804 677181796
299170670 849760886
299505466 964162567
122316022 643770652
568495302 741270836
401928477 414141482
543428453 578396245
517084895 879593539
455872491 865873551
779428274 865237722
418331777 481745595
606887260 938049192
258615558 449685277
406250863 446905105
424553497 498164641
676180578 860033238
642751181 839454471
487726670 778394473
879328495 978942659
798866242 884599035
241640430 370537298
907212099 937758329
953030987 998357592
917750858 945910263
230322946 245537720
762326404 788843149
447998155 788328003
809056050 849875142
512125422 654862963
479038194 997401717
942342876 990006519
674734358 904898165
806534619 811589489
435596468 734490806
922281964 943438497
258061622 983624608
285865341 705205733
343147333 348720933
585825299 693294981
229616793 787463524
287983471 346656087
891313181 968445052
576348903 624283113
765183029 867849387
871880682 919506961
512155597 602496828
514554011 610247764
960445153 975502552
294177960 507839286
631591581 699521556
621385933 840198249
659283145 800361231
884842521 952145280
389073082 393406489
120979223 994711858
441583138 810796755
741703823 820145106
776792290 959452623
144679395 320369098
938385978 991177021
631159026 790613947
504972216 640116717
116741402 609357041
792836458 804407866
597360228 606778023
129045409 729552171
927497097 931758091
554244807 886038561
729353347 913800370
80249280 273851372
460387818 612336486
189505062 437087038
771859135 797360930
728961338 918289521
909704651 920556297
243443215 335453256
957601959 974013197
847059599 865389925
260979275 665259593
576481652 852685743
319254279 391954225
656127566 683377486
465601327 705962308
932492601 992998168
844074210 878387287
680862341 782105835
807451690 973608988
372047489 937590747
15998591 393162537
844299687 946533432
707933346 902595683
136816668 971995350
561133364 854431459
970974210 985097325
882021538 887566456
658868284 935809223
935388137 966347948
178721814 196340623
734650241 907958388
145037792 595588754
379861576 428423559
918978259 956270395
53433023 526139661
465642999 675618172
271659065 323554396
948386876 997173048
860063812 987287171
549019047 995205492
413178791 772644464
977648269 984186013
255415942 491068012
799090493 951693917
490011643 630374695
105845506 460117665
954719452 959752614
599999108 729805046
253225083 470525726
46365128 185027440
42585977 261223887
270143799 315485575
529062895 746124873
882669062 954420812
287548366 301075398
689973308 941619561
678732763 724968758
567582283 962941964
421143458 515393189
90445260 304452907
275760030 531533374
217293742 595273318
621178944 709562611
723757064 857228989
44739820 967847976
756101795 982082948
686402722 915736844
194117582 835764684
703772813 753355668
115916 308306255
198027059 470832735
109874526 717096383
36626076 83744353
337138644 789170747
482126782 618132662
458295166 807214502
933354432 964298797
679022541 723071332
866089987 879838713
418531367 623868211
176493330 650749667
908524021 937847150
428093526 988807509
121900174 221358020
111115119 911592278
607583101 699716838
881724110 950654948
229433154 695854415
501555376 956512092
8863547 196595887
531426418 778569372
563056166 930217302
94562397 230153196
257727530 996258074
253521807 320513065
291343240 954944344
651705876 787481370
637123938 666456261
714205634 975501202
456685553 903052168
828767149 832342439
751579673 863982654
993123951 995468245
119519911 753583985
674713814 939423029
227551011 958948773
413602515 816044756
318909300 998346677
886027368 988453403
539953164 883596797
854887730 959495711
548074301 593776821
492954213 499061561
744253396 786410797
569320538 858507322
604421845 983662235
431236730 469808314
347041868 898803560
97776034 810083974
842297358 984148099
451138537 690081677
466122637 770829706
75551009 109602951
706988419 718423261
2854715 921894275
622602815 977036598
46852732 611820202
382212374 414071020
897300736 943537199
469791493 735205947
909947110 990457388
610929797 732833646
61622364 814722787
655362821 998474377
525983451 953872971
204122078 850176961
137710892 417227821
495418455 562550880
494574112 794249497
703064937 849124893
439514055 565067172
613115153 651238854
278466408 948554142
817699676 987398069
70813192 241838981
403910886 532279659
633217419 973368037
913699781 990741218
842578246 864409604
869990498 986831326
939686610 957019702
909035123 967354582
206195155 742682105
802111598 886749945
270690466 990914305
299949723 760670468
467522101 599726247
201962067 265433629
703534900 795429931
982118564 991843145
643466490 891834445
994456560 997455506
679841779 910213250
494251893 871732352
256161752 445761971
633576711 826649592
208843556 785285108
886912951 928360344
347117314 592509438
56309027 327547617
847051517 958654146
258117962 917071625
764839495 922214172
112920968 677897759
232255929 937375743
963800484 994650827
541113388 596398261
941591072 948387691
323769163 808778617
844361641 905401540
37628380 945542069
825207556 971541064
129929195 896764743
531060313 762593541
864450773 888959992
210747110 459367128
497146610 512964572
218662932 344897332
255160397 528472048
448168894 650910029
381898585 992476457
876615795 941103038
247295999 512707065
325720660 891084489
657425078 735478387
960999837 997493213
399510403 691677652
576352751 701999013
19584568 698456675
31228280 964438838
17688056 797824598
41551486 990895498
482657514 991862716
363085060 376750916
699429989 800298867
290594074 374287158
558644659 917792387
526945469 637004849
713276542 722628733
215979864 361416322
315639581 453130524
732028979 868341044
340014938 909786940
770853461 938041318
249025527 532182799
610389964 762303288
984244554 994288982
554902134 646151289
353428374 661465282
753079968 788219590
95274821 354731411
56629333 445517595
699897310 764206171
161685063 573700507
817230214 874664820
418081494 549242946
571759025 744828742
686280426 944940851
735349888 808371272
106071807 342569537
704789014 979638823
581507215 720837616
828728814 910701582
980626224 999754723
501989012 678276585
299261080 741426057
276621282 436080420
500437567 793741774
995323351 999370142
568794661 733415853
897504369 976213572
726883565 873078680
150154654 973392883
980991170 982403572
843336647 976519028
260805956 374525557
184739105 781768040
748060583 841966831
248225514 471550370
20671361 677452048
785287235 879839387
271736881 523269936
612743844 956374753
911045867 918585876
566551552 728304771
366439782 901971652
242575837 876807415
27303247 735003270
238002942 925391316
651469416 749748936
541193014 870957098
823128047 992270575
266781372 930608055
12284071 719157970
872262693 889495720
953218408 973762467
661676612 867314514
306677264 978494316
210647318 566268399
300677699 723692782
286825729 676303708
476564234 954156690
618304329 914926382
106145309 805681727
807472179 834181268
302309474 511405583
514909871 858802734
143836767 968013272
136951104 490011037
372686447 435470943
650198801 828354038
904840614 911420934
110765693 621388931
9095015 293919203
456165185 704468241
506199573 624370839
250299818 721244180
531495483 731018447
732122630 941621950
268655278 771773704
165180784 365365043
326809268 780770484
577730752 820779042
440460336 450665375
95374659 935917699
99919437 411283115
209225727 767439144
701734559 777829418
562977226 867988345
674297334 890796402
485563151 917357039
577642644 589006636
787081100 997875011
264838142 693086649
488451561 994851561
137549833 789296976
109713009 712877191
897233767 959358994
965789225 968661002
477167509 723950774
646631526 726858433
846543203 876915217
838488533 986417489
698160531 746775124
199386801 682818110
203100716 747297731
206741609 686712799
463550914 917913952
690293150 733326031
291443869 593377228
158474398 475534862
303109630 587846585
879394842 922534691
18600673 588595111
818459955 859786052
701293205 993094822
303259291 701780141
106492965 750812813
867786981 974678407
941493512 994187408
121224113 478983356
954480070 954700000
244041962 950748043
587114125 953808457
280154356 954910823
230064770 336605943
488877428 985423955
982069368 998071151
636021425 818423965
286399377 480287291
30250422 276225376
943039799 978802873
310196958 948266886
839292139 960543140
742124968 754972296
29321543 403988197
905701557 952290908
913911361 993844559
311179731 569208760
816978362 929184552
35905696 661091837
586510487 919705775
530309506 908644342
473434633 602539731
932625628 942874358
755628144 939747880
829505608 857883377
157879149 875726696
186830196 697644036
658527731 722869291
562509533 639504415
335393488 885341188
271084627 455438009
692201456 936792613
239773880 854141218
537580230 764511193
893590102 958466541
806226253 858297271
394840422 980782221
21681571 709384410
604717928 905608510
326767900 793201545
875914799 957537242
42634139 178248754
437558318 744787241
53690832 842056960
487641275 589440484
42857228 157058093
838174012 980230106
454070925 902181852
56013327 234871416
594526307 683014055
724783993 883643615
526156136 630515134
696420748 904895860
301683624 458717821
944671881 983086783
809483720 929034437
767318918 988877103
840677199 906997947
718301312 941564732
581507805 684607626
341264126 665373585
142710886 892113595
156453542 994276805
237425538 670545944
179572736 391615395
436719810 508872426
711719199 999593828
464065164 886566707
209573551 591025871
755175723 890370573
63730221 107100050
456969983 749001340
346661543 933154164
529875009 909458989
729634012 780477365
627050815 851377531
300888027 421390564
202751090 722509917
984310504 986665649
896293600 922426367
539779393 868625056
562358013 651336652
475065961 577450808
924276050 928239171
685619972 899518093
834321421 874759071
579689839 675031747
670418512 958610698
553609019 959575743
330469140 941477466
904527382 923191734
823207674 831360498
2852670 566587694
809060036 980322796
626869458 846837877
519887542 700552734
706501038 810336979
398025877 592171597
315683755 671932542
430635212 995156678
580234545 866900470
481904581 923706423
870137566 878380979
727681536 811569710
345949145 749119176
622273656 684769936
887170162 898200778
736467915 860580461
849463936 941413594
23858500 118462698
377449969 663920402
376834651 639497413
412205839 451783166
434971442 798948187
798137690 811845971
242849398 814168436
957976 397890015
624236937 769570735
723190201 968605263
917249340 964369831
885233355 916478580
512223922 527026901
562206412 612324846
661968789 921604481
579946902 708319407
332164497 701282772
724640787 895725929
547146313 818240112
832803761 999350874
443206361 469061422
791637826 803061698
619871530 990659574
406769881 866239214
735731709 954763907
117082685 232257864
114100576 359885600
590149172 799418444
851677964 974540956
486452497 788137848
188882469 645195968
819770965 830013733
329228458 912817442
673325756 821732208
331581085 810273378
986445797 994069138
847840447 929582463
507639757 739276896
539503744 845958888
603415164 738150702
150773630 673819831
227807228 869700383
480316836 690181249
886706984 999852383
727334284 851262577
470103017 699904039
624090352 758106226
89883445 906685081
573289316 705250113
244763049 650631343
138474086 554330601
629543488 683584330
327049183 958758283
10397838 224573319
290848834 596231809
136691220 344785732
229293169 710215869
899961008 948039225
851928402 897035408
620544350 652871057
434029720 948034601
316133758 973753389
628058538 975883158
265764769 432261516
211553161 896992043
825202505 991681557
808784033 942065666
873747888 892951343
803035367 954276812
957528740 988379351
906677379 979561690
157805673 741025738
241346767 475360778
294313799 473802552
972083597 996445057
335474401 912339257
12701546 279020332
341716105 783083500
196475103 351124837
310225750 808978634
446620900 612612147
963027167 984594979
103798974 859505876
878694442 921728478
835650394 924898500
52012437 115083523
6243556 165864438
76606555 893233986
721672970 842404360
151202874 359719891
79506042 948381360
103491373 488927385
76667283 343878877
947701566 951487024
402676580 462829983
461824775 486027997
372958795 603113199
338188887 648754933
337513697 375574106
84973842 638246260
411352149 745369497
630119652 866915798
712564270 946656122
853411839 987970759
610142655 635423529
272431058 738737537
23248028 408791917
427397357 926917426
326111466 770832678
146784858 472999405
423225268 777258952
468220649 589541577
357041617 512870094
452014409 605630887
663137936 894120694
224376783 784467100
524743589 568980341
609908286 623890339
784075110 913465098
435267268 479629463
353763514 468478399
607871178 924439123
739727790 854842332
734953703 898976032
709753204 852773726
491632597 499874907
306398129 413960057
16745886 439556458
466414834 936435430
161844125 181334187
329719840 891856249
472742207 984064317
617062907 674235334
283136827 653597936
162941168 998014850
91772544 896357965
784548636 876494582
298282296 403421831
521688361 872842947
613901636 808597973
734270932 838527452
838311580 902168610
796292798 993304241
105460330 777828702
832153604 939490919
921684401 949441452
706689576 991643953
199402729 720477370
579841106 666677881
585273327 996778228
112396555 780228019
653569444 852042866
433211048 815203435
643384629 834086501
340999185 392441253
699595484 876446891
244354459 327599524
347357140 651049648
825698748 904222729
449785991 953865926
939198474 998756505
995670292 998702982
139259549 173187557
936521328 938814673
490900296 506210082
872241883 927427220
344126389 402785261
621351163 636144158
711961925 713115959
386523027 563973761
240633559 517439907
777173741 875662892
327439771 546336189
355881578 625005044
802016836 992541838
997107971 998220220
260831492 685849663
288415673 733016832
865698225 894893123
274826285 389683309
218558175 249869639
896342380 979162833
824438378 957149725
989393056 996988586
635181995 971262916
369895267 378162630
328186377 646927960
459576634 721121319
183666369 448749137
615639929 750293138
807824757 851943824
343368305 427224749
517016383 975268371
446082495 608887283
548716683 592709576
265686502 707927735
308261471 835935977
796048161 888331045
50617015 212484677
207354445 714210010
833399118 987067384
528763235 678707160
702137594 985948230
193758847 644390104
101547284 571657717
593360582 925818045
802675894 835784824
526882846 800997618
516532825 963832929
523521378 755665854
572855661 644872681
970659769 988455392
703633284 944077902
264377158 874717095
690669250 934457988
430570835 566139088
414953201 456688704
716449415 870964932
1600510 137148694
920719837 935894306
994493807 999743967
169318149 476904157
735270690 764700401
761995866 780578965
422225391 572493428
949290514 996286735
81541426 141204632
482500230 677982749
484058205 674832924
517580206 602564670
262336 965994766
440179110 999843522
984238474 993982519
824800474 987575696
359905005 622070170
243349463 259944381
455292349 803203953
446375223 924506638
207178938 233334078
347368256 763027592
449217134 799956272
270924880 808118628
686845622 981334994
12445391 69505261
355876003 791168208
907230550 908263192
806605184 857475727
640409738 931334539
337657775 850258841
447322504 497940187
711489414 728431021
540671608 959837745
526684699 753919025
149288475 950480362
231217671 558038517
316534262 410377378
729651133 735476678
844537895 878286767
688157328 904969362
140482156 671421351
298470280 402347812
72674997 557976490
865492088 870708996
800733295 904950365
530421050 948753550
369682189 840011818
226920031 650207590
325638714 535281791
944349723 952858037
360351321 562114181
653411926 715509659
360735186 367504087
798596719 882414609
112466155 573325523
74469363 389599535
484706120 971073165
764544855 959970440
769692192 815364427
75119541 969331747
969386330 971243712
314380281 612081162
886549796 976526588
579045765 716264232
484172873 962531233
957044891 992791833
882366240 966630246
991175393 995748637
949462704 962697134
590783009 836441154
755837556 987708715
809006343 861356107
990899658 999523544
169262326 599118840
231346697 629831526
821535584 910964683
831957529 945094693
885035013 979261061
927263282 990098116
664283683 723631975
81838227 976629587
486130030 844005792
430725187 576322341
57774563 995966577
103887178 145448605
904536053 927395570
235407661 863345851
374250204 881131825
981736132 989393484
230602979 612322926
891043455 908417765
605308677 929544591
869430210 914743486
141310607 252640222
133454166 344872692
854165196 890791517
749217780 879769992
166216258 849968739
605262053 810116575
64601756 512111477
91131825 691591261
898409647 999458191
309263090 651173946
874428051 886226470
272830532 798873822
999453664 999761507
901483864 950359883
414895931 460841433
565622490 597150253
51696600 237516277
541400801 622987826
846110873 925858430
459565647 901791275
497895026 770596212
454782289 536712113
918296086 958978547
285322113 671633289
880895308 911017079
707296710 709574214
203668023 778574228
918834689 956683574
881017466 999000852
928811121 932298632
511873720 719215228
283427826 875865838
983960483 988553428
171630685 635797185
18055469 43355954
243248253 825838155
98985838 748018015
316691622 752868954
987935707 990679609
776562893 808473024
321249334 368272320
758921107 928043722
899130503 929611842
325279989 860736288
608755436 631764920
169681139 873999445
805100245 954407607
141202050 712908524
229260520 602580561
441539471 683330964
343391837 602098221
499905886 926717679
421818108 817053596
184556364 574078994
581945680 881246153
315979885 598623054
966625302 979603649
471517554 793734861
791509382 803671379
268129209 606133716
580415384 831851243
801455370 915262962
263445711 921350921
511250897 679811563
937570562 992315856
525869424 711631267
550481963 883061700
471699796 822499980
766211382 887125120
973387710 985011546
592064347 651499346
421014007 657862845
912001070 968445124
876851772 883761648
697808515 923023527
60116506 293816110
936658949 980198493
570733102 823697457
891378000 993251324
540953297 797931241
551444251 898288895
42767428 81735213
13678167 381373307
27473240 402591081
862709503 955609172
162578122 819731872
486457783 925891494
298507342 879095672
733391978 873126755
531351148 661932814
337214595 744514667
723743404 994417872
664497817 738104464
354211208 392485245
919549742 992477466
847898713 983430479
770953251 989886086
889989102 997499487
767328598 938290213
120816808 355631033
944242998 944720839
219060793 908991714
821353214 852735733
704119882 735668896
849978104 932646922
970659388 985494107
771136606 838887050
626819082 834131241
266327020 348080471
55646864 106552933
471179093 863499202
527233604 973039800
456665534 918076469
862459539 905696666
469347635 916100646
525256318 634569591
713288327 793481836
673838997 782657012
343944812 611127396
716739453 945197398
237903116 655023594
672245326 821223139
211716424 831026751
926596489 977230396
303931190 744099420
146202469 771041766
571032789 756974269
564874355 640381979
346200232 380162663
438389110 498284168
537519276 547738078
649356252 800455797
288190379 792313457
388780624 464595319
530562239 913863799
925960590 940637365
622851638 820949013
405004075 865398177
5419156 520512311
934045015 986204150
845491627 898737817
596303832 784654343
564844013 790890863
488943130 618774215
312268230 603967115
149055582 420445612
360584989 599439960
593948689 607833135
986919664 996116201
647427893 747328279
825104169 875406592
247154940 289214065
640211567 948742871
493228415 964537114
878572070 930687499
589888634 915933562
792371878 986298198
935146842 987197454
65341793 330519285
373044693 618389257
664243439 945162971
593165993 808329132
388688933 754420280
441268236 728996995
890142626 916118181
361945312 966121089
554887155 949609630
257697466 905572131
959637970 994688289
62732741 357747049
34089605 408611005
277428099 523619742
295686420 431540943
585292612 803223190
407455642 516068067
806129811 943998593
63285373 550794143
356401143 660305289
600376027 668368003
402302349 452194388
644935867 784468153
797272041 858913838
19516579 613357714
837443827 847017439
14245685 375697277
530135794 875874428
132204184 806738457
413193577 454899357
884974940 951823751
890732638 973965804
467007182 499678180
56766476 347112635
252735561 483061056
793975456 891817954
452729924 655246126
533874196 975614478
295620467 489859614
761296638 986062434
499602166 507037318
190886101 896706557
739687623 793931839
859079761 966332017
720007797 992497814
375000942 831910960
787867171 807414194
49030115 418560144
510081719 638245532
195765406 538913276
703463019 756598210
231587764 573495491
181347447 980063121
26465162 735337343
230410148 397047873
714282892 730868180
105700331 884988846
590226276 663368444
609670624 770794905
246739758 521533235
632096456 965289128
155713545 242854203
924767860 993822890
922110197 939944998
877272125 892526134
808444070 842843802
742353361 786269675
161499534 273029538
475142249 573601418
977446865 996751126
721815222 902493419
405303175 867119490
802912846 806667883
895685226 915376960
508934450 897252840
194677013 855790833
797713424 977131110
291704160 717890326
415679200 909352178
100181310 372517516
894530176 915447908
627063505 642608564
512316808 898214755
818617706 864409895
151824127 353824493
877882094 963381244
942863701 987838321
33651690 934531505
215973159 554233116
835513066 951270319
553180793 802950603
425498413 893203606
383073801 800765479
946122203 948014324
787898882 952501100
873101025 932517143
79113108 602095205
399236012 945741130
364314442 985586175
669965782 751852615
755697121 931587726
136496229 360375759
37650145 584958517
190320830 930002025
185771699 922046790
244200209 479832867
881305980 890282504
558157438 955838999
813978940 871367056
613789160 834661840
262116248 951195198
916523428 982714991
119220220 499990167
239811336 644198636
609318464 830165846
876095625 879825342
757581270 808492326
973604606 983156779
57457104 661061463
707559585 817900237
68550998 298174120
246555565 477449681
173014233 579919521
730794128 924163434
981514710 995204290
921501134 939662278
74030407 890037077
531626868 956017792
574940248 651789629
579185193 863230602
664817302 752378495
538061424 968508277
732521866 832870954
813482334 907243253
225002985 481216084
880975946 915362641
524316410 569081382
764368973 952734879
972475480 987867959
504158232 968292893
755889760 855309380
403760275 447621522
629136012 733427807
448772432 586246358
60006672 920051590
276722876 671913820
799665145 913657052
872360698 933559033
456969260 713225995
431523620 931350783
611649196 649260781
98425107 928315961
776887350 822270684
154951383 614766367
910989434 934315317
277197813 435092557
843617198 996036356
947771886 964144824
651348850 705302776
665851927 989621751
18281702 994949165
820081336 868997644
590525147 904929872
315544621 760481420
872233048 894781127
920443172 964624118
827109114 980118116
505868468 933069774
64496435 610090450
498107233 689623716
647863772 968775263
919878585 993138445
747239069 910065404
494729148 971010498
323274554 571877663
405083498 684962554
369809989 679051907
852304909 963633584
155149299 684364494
965063700 974355443
51897346 440150650
927450828 969613893
155207945 689000047
179854471 730713029
366864407 662061547
441951833 754890719
328078775 472744344
382302900 561697346
969342600 989222518
333459935 815391279
146640090 523701306
602339711 795842484
287955199 696271952
536335921 857552903
822981471 834856605
380841521 629749021
277022472 363992215
785483456 896988507
213639635 896174547
998423210 999969194
213560116 580438591
693711527 999471628
779208096 807990627
656923392 955035327
988680093 998861043
271417862 911510566
660764081 756645453
528592302 815508672
271216409 904146280
647975558 875577394
326684690 617260149
563933359 968531235
477649306 953916092
9678743 586332682
517184324 557252887
236741028 351612559
165754535 735079314
806766324 931649035
8348303 619375487
632335970 889004603
766148942 900002487
321520805 562834276
412412041 614342526
766956462 849861691
128220168 850149003
224656136 298852337
742257002 925669391
598027487 914429508
670964880 713677696
919233783 946651095
240957713 256095440
854194985 921788452
833170040 923553347
984643781 996066949
812729609 998685980
923228101 994422229
75112794 466666865
581880803 608718874
242914479 279246575
317878431 628264306
64682893 898199064
454690481 530416363
417930431 513462850
254174387 517317565
396399968 770161126
812406212 994735494
992814571 997009690
456972631 703431689
831802703 902200869
310167565 824719178
277366482 989643550
388145803 842225179
764230733 781141566
302126413 913722628
933598575 972172149
223793612 768024304
374067805 445707999
756913915 782319518
226961022 513677849
999510282 999918395
854426113 909371928
709585609 718822804
138267626 628363503
731155889 999965874
816708614 980111051
727467009 913997561
844263988 895568807
706058951 900673124
459367011 520947891
977273432 988433983
519139024 580566828
199242294 987171706
952869479 987319925
990029871 990503172
799756004 976030752
78348886 767525477
220214491 407966956
526879310 709540497
882242169 999515253
802357493 848130883
807800044 946956847
700893934 745081117
354086980 916142400
847668256 913187105
633783474 992150291
962676826 976448096
463263678 688962128
287092853 694874226
321856237 800506014
225543615 673345949
787401864 811797821
55275361 384529025
457346248 928598499
374730160 712263094
120120941 608678274
126286477 972441960
954159963 966323244
332027240 530111022
566934940 986621824
148942954 899588424
260171292 631407803
559345408 564968182
959179864 981708881
59786822 630063891
882767554 973879551
531787776 879029223
929022767 949826841
600179800 690368243
32087289 39157135
112697760 470874202
737555225 817223677
442260500 719672061
646017401 745585353
248532591 868019108
49628350 775822530
155825311 861956460
210739763 519839182
1879657 617242387
764362076 857757631
571869568 636838394
850763712 928903055
201546847 330400736
213195598 453152565
408265734 684522224
949242325 962840641
957030398 990594820
60895968 401868567
588732689 931790742
153837113 841570594
452520345 505697258
952285594 989370652
976210181 990866069
785123613 991350110
32025161 900636085
118140180 244063433
122797562 607916679
81005690 730847283
322853088 589325260
60817802 625710147
959476857 966334106
373043727 946528287
367130483 437868395
551603120 882660937
644577422 921835832
540467891 946360008
696409588 937830033
994173429 999400762
1773609 968431320
222908272 807837690
191012541 738146812
617807201 819139484
393848945 484230691
431026718 508463798
500863760 777917819
776642771 934110313
510629991 515835484
591694399 599087501
978613810 992029892
788224309 839620472
352628252 470515686
807747833 813209261
961128888 966347971
844237665 936194862
430589505 477807306
637663819 986751144
906824216 933204561
6802000 944475745
196232780 436413907
410341723 768405113
144016130 586628562
274525172 747113014
669487602 696945081
352565864 956971465
550322779 660590323
57531137 85774092
347978904 363415395
545756409 992870026
914757602 942146420
347871045 695563387
865228098 941625819
996407447 999205708
854017399 902292202
750463407 827472866
922034275 992653593
553366644 701044347
82709560 637754901
669163529 944786500
741172224 823517967
351381160 619783448
232026760 897743538
27229668 717766990
750799115 756865567
797078254 888614061
861288569 880654620
368813239 757771531
168831965 620975276
18213858 264939398
850021487 993509150
712324512 951395946
201886424 508934833
735810609 827817428
946533432 998608242
369665538 633132149
266380716 950469286
61520908 423978592
476532919 681725188
362564727 672827123
720143059 880237653
555691897 692257060
821815897 929772777
257564085 386065724
681757763 750786611
404401596 547409071
403988042 738558110
539667935 835953150
908386403 909242661
869581848 894186979
130852662 191242993
643176024 725291335
748331284 897121849
69782657 987694466
478318963 942640159
858031627 969147811
157524258 541004302
328994600 794859035
753047833 976832534
182029244 626015627
868569218 977616340
793050069 851561983
326021876 801761849
448651603 735839301
719748233 914601974
101454751 911603236
530460900 795272949
534773633 800133549
60073472 901506796
597297627 697655721
798311769 810722416
890003933 980673104
850661702 920021257
298750577 698256148
760723407 828802738
786772904 823977113
801635263 802227097
209022422 405622197
541039758 890323808
492991952 902727168
456888712 471359026
924834169 999322172
117766194 235659009
607226878 870954386
465853357 973919156
433454534 801752296
894012516 901003692
930677849 970010145
942499874 987935964
260550070 413286869
761224132 864069783
608154660 729977319
910587268 916142094
779574728 988693248
554701449 639324802
76211401 452361685
176977450 625562248
51415566 499339402
541414364 577950937
527783839 620859988
153215194 209400160
274807017 718951442
878282484 923319957
270517826 770437166
842836633 902122082
695025495 740222588
372115944 481724578
609353612 811265128
621328927 919269350
537831836 890617421
400377924 707189002
450177688 525944471
958169780 990538841
106970986 626232709
747263574 755454856
179773313 765231642
504787060 912914413
804654861 965100432
585324677 932898345
998567509 999224357
431124561 777339948
753517967 952124121
630435586 932628454
745696609 905982931
39033659 130372602
95695542 544288848
33406081 570145598
460931492 547459493
802414019 996547486
862087066 992373412
95248190 545012961
679857532 767885508
382974085 979509578
