5000
533903340 864001863
977236015 989769678
556733491 578276775
977871226 994199200
563338968 881877988
308888084 465885149
799421363 867074249
699906923 970775945
819149239 840074043
750251798 865464360
624736245 754447715
883304167 972348158
383033614 621216083
701038365 803361599
518025439 678563126
595605027 641095525
969599340 984616389
146923893 666456676
218224132 664547903
554847154 823855749
298514277 769236738
202062711 755713072
77068107 762542454
783897416 851318642
541529800 620603138
530635923 546731502
834539165 924642957
268255289 667090447
500451244 810598994
895905856 946146431
327564125 412713784
702695965 834545554
139866947 150260522
246726714 510422602
80250938 729091373
841102880 856368545
880547789 909528331
74673318 670364120
549025219 983515874
673712351 951016475
807149343 844874814
951594727 996581353
18761104 794386567
912494240 998999832
549732785 626601144
964347524 994116509
300160791 733323030
62895422 353897381
780172774 895481639
653798352 920335593
212441605 585004594
409763927 531361254
452232195 835431315
921296770 968697916
440576389 440950793
818837647 956431299
474877290 908196543
169103875 404967291
430641173 906970397
588705952 687091276
215641066 593464458
996568571 998493241
10217864 24529615
442535315 844847415
495265477 521130988
572713290 881107414
604667716 984236801
952874540 981082584
353306178 898239437
939752865 978446581
893065622 961320204
669063341 703862176
729426875 851070330
235799882 841723435
433679108 942545169
677155304 788203421
952933864 974532488
16036131 727412363
603103361 636419351
109860200 218714163
239247636 808701202
170055408 892205707
845955517 900507300
505054135 697814547
266845008 290436044
494695837 706143047
151110473 408080332
781149356 833813454
634138611 792520011
713895710 797195058
35193224 391543578
379382510 772250167
213416071 920587924
140964317 436472780
100425529 430474401
935102814 965458273
579975065 957047715
825231048 986077054
640415424 842213753
506149351 887994857
987462952 996786570
820599068 979586639
66041981 195741691
735383223 908414100
657980424 843355256
184961366 513189854
917430351 936756584
980391248 993139189
695084248 719735417
232554315 534692749
463107594 626670669
213891052 476681505
919655202 972964430
816794078 940350260
357422108 863434283
626106886 957667439
264086304 276805757
804721800 962542458
690365698 722250926
781911529 836992528
160949257 451105679
95310762 246116431
299480637 368037722
552669245 811893154
225665901 876911452
932498013 974226810
309837236 330461804
531492080 657364888
846700330 895897125
20771655 985612359
98987014 964863662
971711686 988670866
134050750 399806249
628076777 814209175
273931352 824547507
730947226 738487835
106494064 952843381
433856121 852424287
274352860 987928288
232047404 249503048
429794221 799352047
719878513 896009091
185236574 500169523
860165600 884046055
881365122 994130129
334749907 776823274
464696307 992147022
152784449 612011026
117131995 490363422
850035360 946283754
500296916 704095213
463076202 710070042
321336139 717942539
300253510 905927894
511169649 594412478
980557370 985723959
654592649 757215197
141687509 411492521
3043108 280318934
816338467 827065655
893887208 915982923
437910382 487373838
525379150 936623081
739134485 792831961
694938047 950299972
454573004 990630436
348881577 926299574
542557 126586242
674216619 849782688
339876460 915601138
686726221 785251239
865041222 896417736
864877862 959786432
280110278 826829090
671439782 853242733
137364248 929907886
43916706 108932214
634435876 910039648
329890936 761895408
912744933 994714353
364537062 760666775
817959777 997081977
466229404 903721510
497203080 974667756
265419902 693376936
941906224 968251415
220002143 595235419
904099598 938224371
807510302 920759998
383540583 584880706
178185039 265300214
627599442 857860238
720047528 849945611
301301941 332697692
514173933 932120446
574244282 870513996
78868369 521162542
543354627 864263893
146125045 902576754
486523763 579375950
6981786 143442137
577266700 857134812
35989806 383012948
634186844 739729960
126101997 456328665
332155661 614816984
856191912 936214644
526635109 865403147
602580921 887838888
644195192 662879646
719180197 769095391
281587331 694896898
777349164 971440845
832171478 841700931
460207909 546840484
88073220 363653876
144134534 841074450
19344300 418953008
85328104 586644889
103446270 134773327
656024833 897742650
866908298 932759585
458021622 921246420
128111775 355374669
11260967 87625018
529694988 597164126
41473216 942744722
92385535 226994067
59291504 139720339
673872141 771458356
269491763 420986931
827842384 899994921
75149388 191715384
295517616 578998660
572445513 720330223
728330290 764762058
148601168 659444114
161866646 995863844
399112784 864978754
917231071 942727225
438426405 728568172
823064610 949850837
445773424 560157648
388853184 525451023
16691393 884982775
965753600 983423530
429287889 686154307
762728288 999737335
751851772 807048446
950509480 957838845
313809343 556996238
416745898 682635000
91073693 347809842
513361207 962695959
231980902 924882025
133203685 796292376
209275390 298968227
176431183 329843382
706727207 892490133
842822022 942872678
750960402 809404729
895201105 988799019
50864913 721455827
861755285 901454846
429259528 602518324
703716649 867568198
995840622 999728910
490381025 912292216
51151010 230258198
454387851 913066700
310342343 746104458
178243041 857705715
855907020 974014534
833571604 836108419
522399506 580761542
977274798 987885739
157412536 531547292
141356040 592326468
367619683 742018805
192680007 799709138
404204776 971966599
74419584 899711162
206968209 844616145
270795414 583575356
896248122 916016294
953969467 997052615
590041262 880499737
257370230 565004878
567677365 930183253
233425994 719130324
678856496 774815125
136116395 840963363
836893827 861280154
674502388 705402678
966367359 994635386
668736332 844464114
859795401 918965793
244020384 671393044
724083663 768338351
676034380 929785195
11445742 184579587
115984633 459945122
906654619 941064572
591810827 634265190
671329876 888204850
425277899 778918413
953145799 993095813
657937050 788121315
469650144 505587890
445748218 947879449
641455095 681211172
741580177 744957110
947926727 961528025
712754946 952313392
535436580 980650416
881246032 930018261
881783645 908335850
311772759 613081262
407938231 824783882
346473979 895394155
841924775 866027182
216845250 240799340
745604067 820953056
919541720 973871572
224013379 445735453
229782521 515271248
551090284 853104898
492347852 894222808
790729180 809575088
682657280 884853539
152966210 758395392
295817434 884830532
91263986 502729371
962273096 986980042
291829 973677775
92909435 913064923
431058190 469702982
387308850 852886832
705741065 911299838
891719238 914619588
368175863 946978028
224241018 489209291
218591441 822490268
99439937 383619110
51315720 759248807
942868450 961776264
340929337 379918297
920889223 934569116
50410529 852372713
344943166 610671682
890040366 897035964
987682943 988983366
700249451 793801930
137848824 197124961
184870956 746990014
973126100 988771366
306646949 747403923
343770537 818766751
703705382 755431503
62369378 866645205
360476432 906209749
426810543 873675412
508747796 857488096
704292063 717482272
557478776 716289195
678380802 997933645
809144794 871995984
596643893 778564385
842723394 936388547
256858645 616575526
473787520 598364849
784427019 902758799
241424063 306612151
267879526 679930748
135361446 968163222
167836063 288878534
461088537 621567882
48315923 948679158
151610204 571878776
982881410 988347282
778076659 938433423
946860420 968972467
718150489 780688590
107005837 820392988
117052128 307583226
958234913 958457880
898937003 930528390
84695079 473827707
456900146 999222034
393298928 651101823
839020646 871333734
370456881 429775188
458035540 509074246
220174100 902382059
174375032 460000059
242406264 784752160
636232485 934173110
124816392 430559432
252786015 363487030
232073160 303997800
572416957 974494819
242150399 839017390
307131520 947639618
413656273 776151334
984779591 988043137
732376327 886413478
396333510 690675660
457334887 655841598
826787970 889302827
131116385 748354830
450797398 561111635
271288741 949976538
630833483 868256071
297217111 654237660
45874214 222525900
452858926 836581366
427753233 614490494
788349755 797557238
735895976 988022803
65827251 297648442
105196184 831069086
886416283 996070820
218501471 367918828
953081558 955977314
965591391 994700458
544839993 953706703
290236945 409554175
347675572 617499368
576893410 632575535
913559157 950415989
818411085 862676097
43404040 254058040
974667353 996984599
200710286 727646666
957710768 964395430
189279914 693557388
208476622 953924665
724710753 923626839
434215930 958472303
955183183 987785698
993024687 995947560
738434185 795668552
61831192 291568656
78771896 643172108
15023774 91633683
302474707 308379845
8364617 329810262
416504674 950811742
362043452 685464830
706704135 779723088
300782582 562087221
353523792 742029689
979024003 986975419
818078889 851704230
12327648 673801825
801787114 843262384
250563362 940053684
278785694 795612994
392828917 707502639
657434320 922876970
51663452 124509412
334464625 944150020
968386693 992654937
726978165 883820963
823389635 845690531
567563605 764256125
253533846 320958143
796730904 848363911
896798717 992452544
356049915 413753950
674704604 904616062
278640816 787299129
121360128 724678050
224613099 348170201
547642117 642820804
747613670 872942012
613534451 701270383
115972662 905603300
59493026 673592110
306694859 317803425
67424369 865629262
18689054 908091354
533050902 688321790
30748235 772544501
850768798 960188056
234980693 636283057
644854928 814307477
906918290 933625019
177877022 668496039
398613523 843155605
923264129 930105346
379937452 954989006
968783948 992446344
29213345 568490281
836428421 964120614
966746450 973764253
475851251 716987030
719379690 832661864
739970475 870932130
585593238 992077557
628413762 739536728
839922197 983291187
381590038 858621806
409336533 672388763
529433299 950291444
397920557 831399707
753094642 858446370
991922400 998963362
386739555 853760017
11638370 694054129
306658169 398782953
135027203 710340759
393164394 660540166
449481896 657186173
246660636 981353624
570007318 578917360
230576808 768110302
523887547 762261691
333213372 710111074
43278157 401394531
54147438 292407455
32315991 944647468
94659519 555970800
304687359 955985370
857371119 867372994
812756734 956387891
585356061 596798030
836243522 909933076
247482791 255107652
693845744 960847650
36961825 639080503
685851680 810288239
322170424 624027826
580745954 917857665
477667442 731339713
171447801 550936979
866760931 959516687
518650536 814918310
347299953 794374048
978397900 987874386
286017560 984644255
121971890 212711971
649626248 670486899
966301359 989837646
995938924 998517692
506261284 894921863
430853633 533210768
659656129 968322507
254745988 774181231
831763256 979902098
384217041 647667154
274844318 831765079
948705472 982819481
345960510 422179463
111069184 928949461
64120480 913838114
75680332 311596433
998454028 999531465
34905846 190056021
847866130 993897645
5655881 899915210
264050532 885241178
906944514 940576497
168750496 813694593
126105496 310751522
222236275 486788013
130176722 625807684
419456035 440404185
176381819 534511632
324226061 675158375
356446288 796221598
755632467 998234904
624023555 763471989
916673530 932159285
295313616 986194237
215468455 900600920
191682524 776028393
116881003 452397702
325381263 608446407
329949203 408229282
974026184 992627854
885111017 941136841
902085366 918616925
309200750 610423711
679571609 726806491
739749898 904806348
857730508 887798794
107368154 646589832
451381765 701910562
777067462 995251754
426620944 776676825
283920682 726150505
400589127 409044153
417503289 869477122
486329194 560226193
571333192 925862490
736618853 932362401
501190436 602505301
686891041 694927898
236300159 822890109
264557991 501822408
971842606 998819207
273114164 742589767
942056070 963432141
369591780 560767232
164698555 248843880
621274841 949879660
290815616 365769953
739788379 794637482
47411796 380995436
259059183 265523075
391702651 428125117
654769212 721536396
882845031 998313456
619480355 715781436
524223956 849258191
380707185 910831437
205622849 721766833
901991581 958098682
228539020 390313270
240249951 954907949
797852013 875279152
42448812 725912316
661891501 720186271
633201463 908874801
53560681 509786302
738424914 849077751
852846007 960839634
365808868 463954882
714862706 730128183
847540013 855719309
519240396 626621241
878477341 919420848
42236731 634710708
941239578 994228932
621834216 903328973
8198307 846887872
373261128 566591148
764734433 917841846
213034105 470983223
254470249 589944510
747653369 921461701
167925013 572539906
752965435 781759120
399898606 573418468
316907244 905250741
330137422 821677110
887594760 954586818
94255215 593842135
734823371 937824646
761925921 832915521
84080576 207771798
676286803 688261102
716558285 817004834
726418513 796555277
615719303 879534484
927023365 937589198
286486381 905240949
971101360 993359593
528667521 724878028
534797377 558815527
750724599 789203174
224483542 645520757
868152316 925622123
928374095 944148677
350250112 931958821
537299702 874218059
932817745 969003718
460546904 865284949
138234415 713367194
400468274 627628555
183814682 442348931
591646857 933910579
939189919 960438556
810009050 909281771
838321520 919142317
616511080 821086387
655934458 902556063
982130613 993842862
599459121 977338700
831213029 873881814
793858778 863979715
765105217 812363003
317814595 925029287
479514229 889052251
711476040 983935782
594496246 764322858
936322882 995205044
157280817 847602507
863040044 907343058
224628061 760112436
566178042 792291517
533846598 877092650
749321243 835912714
225089321 582554113
31887364 202852323
493051654 927201418
836304139 969977614
292222329 505270537
293391143 946859061
264317728 989602734
688733456 732548535
724407932 902873550
845188631 935399271
547089949 651164063
894319003 943004555
775179720 921180194
64798619 431971697
479296548 521940857
423695006 829004414
765599365 933701939
34219431 338903266
278451113 368240838
590640228 799294366
276681651 538577395
442703209 841725690
77281594 857693449
601752548 973772585
652646624 763376243
642134451 843991024
632353917 786847324
39689599 665881627
932813466 985751420
526416514 640504401
787575626 839839700
749328651 861477703
180722423 646329973
506317289 985385298
788861001 892841204
961204578 984738670
101807454 307636032
743935294 760573774
601551149 651002686
627833850 796627093
403552521 803677127
590111008 790885499
288625738 674518615
485523638 653597906
54598652 259563748
889570003 978277757
699934980 741643076
843927904 859061826
143088796 392745564
920822611 978022152
125016412 317834649
716828102 834105139
743478071 954241890
426695031 606033448
669466021 786663791
441660518 997964277
192801509 980488588
328162268 458504614
292317852 587561727
432299060 501034059
883101384 888012361
875328630 932679292
627109565 863450326
263469686 279686790
338660155 658810766
387916547 732475920
966927893 977992977
458148171 507400109
73825674 284696449
647565810 986856592
980680610 981932647
41153946 796655696
557785366 938417012
385806061 552877122
189042350 328158462
84253520 671435477
978400860 989831226
413769902 612895728
764402739 951736422
525561294 898170310
399613618 689469974
790323183 865818246
257137952 365193890
587006611 910841669
549255555 851180023
611008989 895579401
705588137 913924222
546813834 746337473
570084262 843900886
201272620 827898763
88966790 338486927
591585449 775191884
137498481 366492234
494664790 526265546
689486259 716471052
688451648 704904618
834087285 954135226
174869601 559602878
243045762 580050081
743976792 758071036
249711014 593936102
668769549 910419088
21628479 785275247
614457500 793114952
976361140 976586369
62446765 565324954
927009749 958998351
565042936 915257198
563349634 652742579
435463112 626403708
619754682 768646751
418994523 477794480
899036486 914702179
547557695 833672188
57358763 613583610
337880776 377473026
66716582 86928804
80190668 652724868
111239326 667713423
260462336 907689924
584302471 940197203
539793133 966675974
308223037 351936573
47487905 52412524
125163364 261866380
792638348 815731547
726280274 772859070
243218283 513669324
313681176 636600067
91112103 659933865
715183038 788028423
317796061 990051586
558780157 689986465
633487538 683872996
736437524 736642959
168195883 286729563
622221884 949880050
810536168 908412851
606379450 843328965
257171131 451525113
617678601 983012972
143327526 276977210
269818335 950573130
857677321 973485612
614206705 729831641
597159159 684488572
716007758 992185136
396927214 565550192
331345424 415536954
146288254 969950129
810679991 908231274
263749698 945526609
68233311 348409472
94535034 113195981
719039193 861289544
128368742 560072049
210676883 460860088
268779781 379495818
334690932 455641646
428884913 835142546
467983126 513049718
250963102 467622336
103257111 739733854
233829192 848794574
396897046 429731590
848087246 965990430
609022394 790539482
297794393 667970865
440564939 613040393
196365521 714132926
87256764 292423812
378729027 504185248
328880252 418415233
537615659 769796171
488268195 920479801
975837216 994198992
985861612 986718900
855235942 958695439
436894386 635500338
468123999 882359376
587626618 613543526
837176982 930654112
417028840 529775778
994872663 997801118
491755186 925374993
920212804 951075814
945344831 973088698
432430442 631131593
40149461 88402221
868281120 882418097
335433343 428981214
436581998 743595268
262951260 528681020
686196353 702007082
842109619 892083688
876485061 956016900
25239204 164793149
483784856 826237470
815431954 986342940
241102261 986970650
729736267 870066813
601585424 646777113
478137918 482938076
136059552 700002561
564755694 870255460
415789651 636797606
380400370 598837424
416574490 917035796
985588217 992872136
479458739 668050049
650633775 808579396
642712912 679451801
188274100 429955109
625745852 874995657
987377042 992690453
622741383 682581664
316235163 545290979
106507468 567578087
73160397 706839925
97109379 874320481
465505539 865905566
99300085 169843680
204757500 269021849
18413165 94038520
925190414 938796927
173138115 763769846
383167760 997033002
207962743 842472954
965272101 980883643
472154629 519167970
539506234 723275389
484004889 875820549
829574493 967514286
972766668 980242398
468054634 949042631
486209908 556586580
507640193 898603864
445831998 602137349
780696733 893655360
438922948 573290371
584602454 639542385
662669285 930052137
59840395 989924007
642900407 826865239
73846898 141532101
924950775 989285347
869633443 907137264
796399402 846205529
647751955 674350981
78848565 644613690
684445614 947916736
542926244 651881778
537294523 748652047
892861406 945845677
668217639 765468467
254205475 473062366
589107836 949635997
404773656 612155298
309381512 670131123
428085206 462259394
442036884 801157319
717361116 781130517
28785462 557527583
759649615 945827525
198574540 597135425
249491968 828449949
387671595 808424950
986301771 991881894
780029795 977376516
471914668 503981975
933994678 998521890
32415494 237514609
427747386 999425721
555793816 735856177
871022329 986281641
925741371 936439546
238943140 275346524
709344757 802855538
793700712 989483517
307955270 630549594
932237410 958437681
840136689 892026106
979471771 981443353
419406137 509361606
77167722 386998686
484971225 513353120
12755821 264726812
5468301 17490068
1702677 919078833
429382189 977252607
481718258 503610254
369942409 978398464
538200201 795090238
519617739 774199962
950448831 957677584
740743039 810464336
572342027 729383359
440544323 742901657
271199516 730739517
348171530 946643729
192219710 730852665
289012236 873361416
113276750 235516891
511463038 817858129
443739482 638081057
427137339 947112206
727004099 989437740
949255027 974064052
222710147 878338311
483589797 741637544
811097799 992768198
154614706 263959641
108603007 614219631
545829416 684871235
512364624 637188523
251959458 979848100
388218200 529047790
352258920 927432348
673090208 680661682
227612915 845923805
830113983 917394709
660021240 805788117
54912985 859670231
530840555 753783204
870671632 905667736
573754352 795813407
808475594 881740255
198741753 265987109
990227167 999842660
865345998 979760492
27631892 897524771
393994494 777896861
887010866 954408318
765664632 922273856
453887708 673835059
215635480 543022287
367912363 465364544
343903096 955902074
224280421 858061520
352954706 866762500
341061955 463808918
779408153 890554489
255176026 629033107
484171119 584175662
269158761 465469261
35595415 297902298
879135003 899212118
486878683 989165195
17534551 968679572
166728481 241286236
746444322 984535458
523471898 534809302
228915692 730397784
887208023 938945738
948920604 967816189
472617100 852709963
226929267 850066290
213238089 908921369
97953716 588186114
784893868 973412032
175008824 499766374
66664065 111216155
418100684 608450249
91104044 779325456
342696282 841019131
73929218 178677107
272552924 292403716
320532031 788561483
612355270 980395363
27092396 249046008
750337166 916455149
991892377 993376782
670348911 840630718
730826373 880356254
684137542 701253188
111078931 664945908
209994986 580858943
805429343 984822889
822078377 860200680
565977000 733639043
332360497 530847682
971277306 979577882
853451378 872745125
248034645 569853392
548577005 733133628
52993485 656984558
7006095 829688012
309978853 688457346
153053496 787550950
375248631 479240064
391763069 723000752
637267086 690659387
158658517 966375803
376589791 753229019
681999633 977205919
943001847 989561005
255588025 375447493
294952092 367063001
264352533 871442516
47635299 324159497
850034441 957158847
671834511 700824257
884511818 986729047
238490608 542718199
420780802 758118768
389974009 390325073
139229856 632571495
744444695 966088565
296514811 682976732
136957296 948131566
968773632 995952734
271655853 955734115
233338457 471024382
328967451 697000681
368521353 870463840
917251524 926139751
26714042 518111332
394688998 763876858
36561645 353922774
628156587 901522032
564072562 983666617
378820889 380976164
784806293 995615198
887366351 917891702
825850636 926206797
622744351 778017319
747830612 981069786
180179386 609212908
320948204 935162805
31199849 763868758
832243966 983219328
861048891 960976166
111522240 301717211
413149576 636210115
253386567 480267529
130421037 480252200
920782925 927207153
410030268 573974721
552539149 876382825
879112080 931309474
916250077 953194458
346493965 943392521
780341838 869922868
461618494 831196897
245319661 871512155
587270780 997492423
904041951 977724691
685902895 763195438
150991240 620088007
762367412 898386852
593074378 980573717
98540179 347605743
877950596 925127390
581032387 845776472
288492585 771484335
641905301 785386654
971102949 999731845
643415716 648994502
420398989 588159543
969207876 998416139
29977238 547430374
954487729 963233741
78305862 520143771
346485973 690513095
290315935 861742981
187372470 388660058
868658371 882526359
591788409 879380926
131779111 883105145
259786264 618666807
205135012 436469163
844383794 985394755
439796915 866468526
854533985 920287533
512783435 545761999
712728712 974476944
633004198 666630865
769587325 885056705
716294898 824984606
726728708 892274374
924977123 943194805
919323090 933564028
334199733 398496518
697491262 754492080
643200508 794316553
976857473 983817912
845045 136941466
89360059 293146528
796819258 915497286
557384886 773461619
539805962 685148179
628687921 780290633
426773358 756208095
889193428 993941485
659611231 909841492
299650128 606026177
487334563 518134223
240432960 274224673
665796968 694056311
546770907 723511025
500829855 754663343
498276178 586375948
103027666 173251948
563361990 613245768
288353411 357509996
298851354 444309179
171612986 570569738
881693943 916657124
134499316 283882712
11960648 527845223
335307588 991472490
717002952 994878446
991249113 996463015
87897971 636178631
169899863 592004685
116662605 770710394
963610971 981399895
74247906 389289408
790205319 918274680
743947338 768573033
555005962 852942585
176202163 803999541
231066949 503075137
951081840 968977506
340724062 614254117
876565841 922392332
122413080 698208699
63080218 344211555
472754717 724528068
910855190 926684540
362815798 419238203
484052649 988912999
246188998 566536745
44037653 85433110
714682208 941295138
576356452 951748373
911327866 973164968
667549789 933647505
354810164 483403025
345232816 594706221
208948557 221003908
443304624 929715389
483890201 573169583
554861738 666680784
674944173 737068087
604375314 906873357
390961352 887562666
889441215 924034373
148472799 427794217
33833126 979551901
655877371 849304968
267385933 659135765
652655665 779394326
587739594 780800217
835405169 876824736
201831176 657200670
556810344 800738309
810448448 875205549
356034283 470445582
159444190 851148710
629220570 737225848
283705765 700250495
523452720 925185029
626770123 990476931
772133116 956868913
804200216 989956470
583414162 991311657
448184901 942797126
342136126 504257354
306291237 347141092
986986956 989777488
221922386 591645357
881350364 971744126
50506135 476278759
395324584 679855579
610970465 847229121
351887066 607186391
295032451 762861501
820613647 887707296
189508403 399561877
139693781 877112260
850107033 878554767
758876921 982454857
698149465 863706890
986105586 998164406
851006801 945858551
961323094 971860997
795285504 971707754
768137875 820831581
187716989 211444331
987810997 998759653
113524977 680541177
261916027 714179066
660079669 711866372
22791668 820755380
327227065 457841955
995414411 997474298
86005005 641503453
805809921 914798899
83284654 349872349
199885912 842158397
14180070 571040607
380388020 638185198
141517222 480156011
740380898 766455851
61536693 428810664
737310131 979277726
967551011 968245652
680979255 997090409
955701688 963094105
406680788 727735127
929642138 951397884
23255483 194016811
108425481 780162072
123756327 383242380
102843468 952739666
294684857 694762487
264349521 889339983
967879610 973888714
645041323 815207718
302480982 409848718
799425385 807454981
393264498 507743834
147741751 365494964
345123297 481326054
414823661 941430551
922862569 988029760
112539504 569367434
853424813 974168565
835845689 856716784
319246481 963466625
206404906 573867766
472171161 761289292
930290743 977268107
289674961 860034045
464338469 577366386
172923877 777366196
831195494 912011040
134714320 289881153
656110889 841896803
388629927 472363564
767248490 840932390
978495643 983718840
443352385 966446014
911067171 977802632
272066207 429009173
318504286 605081338
433545308 850197912
92671120 640719055
165031709 188721695
239385495 276470819
169064398 841028795
741208539 967546732
819450610 846220022
598501230 780397426
910284589 942572124
767658954 777975205
768420176 971409342
233660942 905503413
171277564 789813597
721651742 725496093
230048557 787487413
586814473 793292240
932087404 958726143
686868091 993041474
58488007 390483777
336720278 542516365
560136762 629740571
961272476 978453881
26588775 551633271
455325301 592004149
903222446 975843101
257658959 721615445
173117005 658518421
479440328 978883067
381970493 439168864
959512131 994210848
216209268 221368872
111073059 168836044
462302665 940436779
439548762 684329491
71529288 288592113
180589649 863266098
517503450 814480684
422002330 516202838
240686873 869853933
218850990 242643783
517350947 814771514
330300522 749878398
908802447 950894880
528716707 921408471
767151240 788373782
235073909 691385291
4511245 546118799
864773512 945124640
851413386 866637027
897615511 970951050
845028872 944718046
253404776 899955199
90858629 94332224
380013857 667008087
156239542 485111940
128260318 826147991
344280710 999564609
398911412 416980430
444674646 902864868
322403590 338480903
867636208 957433906
701874015 951716089
272777603 838644563
601005378 625804475
627344047 725207431
634145067 920031472
291954186 627372803
60342809 625747931
222647574 376036608
713636768 799390313
277143297 890901317
831991212 956101937
98212455 214050382
3045866 995784278
763482371 833413583
941904843 953305366
835270088 898869761
566553061 694941068
114894643 920608711
20795980 711443594
18830967 119901102
364875488 966675340
531710767 806389289
820157712 931306679
266223236 577137917
312005184 387847322
761583766 906396469
783030048 888368544
370582421 779968721
636751855 790110025
58331877 93202349
906907316 937265259
195750546 813585271
792239645 878808173
115958217 579677863
441657619 715051796
209592280 314526511
420819228 851961076
568803412 870109229
7455529 624381203
211308261 921506135
264339125 803400778
2132595 266599348
636408889 720064168
914054855 947916739
814811814 991613348
485080320 762268773
26187834 496602315
909725157 918096780
769340200 795738310
779747286 956839820
650667088 824459885
54953515 592158720
866601571 968258961
232677050 955506836
162270263 543549357
630049349 631129328
183899705 428967939
542055216 861728102
885620371 975217453
343357816 480111412
709762018 947603414
483383892 952427339
298683747 764420546
891454872 936144954
396391046 956290601
859519187 903000121
136576821 359741686
218803059 670686050
718707318 724638442
838833701 844697714
365974261 369773034
526352705 590987416
394041289 734696949
795549785 820470172
221848772 313102776
195985890 632153719
454098317 547098478
919300016 987807896
162239250 987888515
28106106 398915623
915688077 921107248
380651189 968991062
44566294 180192246
669981649 958584673
117578755 741668026
858730268 867310756
191435347 538138207
684916479 895930682
189668561 378350118
380305504 622187870
274878006 768213037
726564476 926940378
813364164 846749159
668616313 915115584
116907671 434465994
684401128 837606653
957828260 968866943
568082186 605317965
31729043 710507907
843862082 993804326
141232592 668845354
217756803 878428064
689319671 929064163
266136337 889036948
283114006 787983443
50255445 958224833
910549105 971073253
273845787 768200104
905753447 943535351
553222761 956750097
974235703 984028443
947272465 960192517
798145303 939274288
906987255 918169314
279675863 990467535
740762171 761798777
978071462 981440539
715481348 861970863
252261726 899842302
170345149 338773910
372260376 677041741
558844557 639867721
589365039 668352228
586632156 660367862
571302454 863554810
533515742 891606409
544192895 715880289
140072647 754470860
651747 321609424
428534109 643407674
871634122 953360471
202877332 420516314
115274136 738610486
805978473 881645431
790313284 892380998
939457455 969225716
360621133 372097324
256709846 984357149
994315113 999616866
338057631 947898153
61029501 168281639
225181926 376782221
539245518 635097401
446422087 562485841
856137439 882079493
404686854 540806493
2839651 116341803
116461506 190923689
23133069 703742013
358834810 931973021
319154747 947042673
695505844 726133280
825608311 977695823
746325234 806281632
898943397 985367131
265161215 346136812
616197243 951015231
72942699 111651063
19515397 335677759
850519279 915829227
570841460 781032650
414907682 628424816
320385191 497267455
839796079 867481675
691023553 698580313
943229262 968677590
182184639 981451025
107907779 364854759
886938465 927304947
584324414 709584554
81331196 275628924
112825144 412390652
531310169 990660203
223037618 456554266
468074237 554620325
582784141 980689678
123688497 258353253
327706098 947292788
4714422 840400145
696798408 751329915
584429744 983132342
86033736 114206971
689426007 956113297
665118214 817751271
661258755 724970535
913707269 937189959
402124896 724613041
529445318 535941675
926892383 962669650
578378175 827173733
257938013 477475967
655074605 843467193
474545726 757235479
817623276 987249259
221674906 245258313
95989490 524224246
983374965 987916118
213413708 492585318
513297418 705478008
347129471 362218308
192740669 553954202
867704565 961318843
582330407 861496261
371718325 539165376
966660711 982166584
158978822 928895832
157687803 401890017
52106069 544366063
208652632 337226588
478679989 794920117
978085079 979113086
287560595 429585066
306710808 406580038
841182821 964539677
519932057 759305248
959374995 989176516
309692518 813310228
805197947 968376751
167228403 225639665
3663764 929448258
578884091 779284585
877098914 963981516
249968805 374745315
837793843 959646897
992546065 993437040
43145892 498783341
517431711 550087473
281872580 797753776
19513483 854158707
838762500 892022970
225256004 541799048
685539240 959746686
546230567 572620439
45380046 415533826
743391521 872826560
359704800 625497800
919283575 958305232
893756651 974503296
715314609 973276456
946139843 949009047
965154120 994620552
532847683 707775526
731244533 821155889
967459114 988197671
333703124 649314150
761449134 922194424
582308541 926814023
268238423 735489651
227148738 804934855
928887702 962355005
80186503 210863523
463408191 715022499
587401500 934856430
10978718 267347697
261078838 444184870
651885442 724737456
811698185 983046009
80792497 787777581
480831981 495222022
743444345 945834487
650231443 866232647
403949302 965463476
83851630 867095741
363567565 472815230
720849431 885996810
937613252 983127426
76895495 257704723
840884447 980336048
293838879 879014971
401883118 633599937
991205801 992852342
524713539 965140094
573575559 903560787
99165133 226237927
68009888 491326149
462801334 864654219
981907503 999474709
637185499 734942231
819348498 899466993
843913788 998423114
470326180 914229144
523373121 883252368
949847277 981701289
554182881 962452903
723926992 756571531
247712731 904030693
316989496 642578200
741960713 837204685
202855121 733917126
632753856 764466246
525162222 637427745
483663931 913996574
594518305 692382205
105158435 861890720
55175782 334535795
421537500 558987953
738687031 982360633
755832219 900541129
882850166 910738052
572193592 845446408
242755770 646715151
684129012 869777475
867304978 989720064
354002129 914685282
407907655 419972973
739459099 746367117
124028072 439229184
807022792 895350186
786624175 976519305
373097979 595046587
233603886 477217223
892861892 985386551
977663897 986350559
581446090 869611649
131810963 705634420
422663338 854325617
590692018 681217683
757303555 993685760
635594670 669320489
939889174 973142378
79841106 499804057
232340257 464147019
748798444 906845195
790715117 826674894
212605914 450403176
953218316 969740503
301166623 821543669
461448295 914465124
292974065 954290942
705119905 977905462
925659911 999681807
280262600 895116837
689177752 932046457
157821264 487896808
901968118 991107810
586331402 877184092
416990539 426264609
18271485 578454468
730392542 887975055
889313185 963345216
327269605 450594416
334338840 499003153
14028915 245605587
515701235 671393031
884686441 930148211
268397568 591932947
895569089 897737485
231714337 388428719
619839067 924849885
24261136 795763199
859044084 952404869
959993729 970587201
391021049 977033425
144112535 763778029
844909509 996065582
379664176 801934912
725911933 990813786
123152461 409741306
220596409 564570333
5467639 858700089
145388695 354056744
197585986 542090492
490853764 560599552
609078725 978891967
61730172 719168527
796867614 999791534
793275176 882454070
138673873 366716140
675672366 954804602
843949942 863858714
586584976 705909200
645244624 879540405
540414250 974115931
523130768 606011620
507996171 735421937
575925380 951184051
506805453 672945709
744840115 779396431
63565603 646063118
460944990 889269420
348697208 487719021
112155079 950529396
820595909 867924433
490127682 589813823
388644030 854663403
865473772 875772459
149017995 824435764
338630370 999625771
22075931 335292971
789445433 919920486
438457881 821340136
500370554 942873730
978764506 998862344
138629749 191631032
91647889 413321523
594091731 701034616
269746461 575194054
613255259 890246430
328408923 757675401
448121851 664561021
734072942 982206603
831566734 972811064
913438795 990826594
529318384 718780137
448290362 540370458
521132201 683784140
795706088 943971563
938253050 956934219
655516231 775345394
965405564 999842890
146200969 402931666
583955195 681628211
358536926 376862329
718752696 890424317
234705366 490298297
64302899 684622500
427826916 840169271
749778872 758468566
265859517 291824530
199272453 486631044
537194201 711480589
443842482 958915673
47729287 761000247
607537263 755276270
671546739 680225862
764351261 772614816
623533865 865026419
214726345 231192949
804461429 831967716
955357897 997283526
680527288 845416307
776035813 824633188
985286776 997666212
360142007 942331032
599686921 676237280
304232131 814130886
868528040 875845881
145860261 673833626
66499078 538683791
601077581 873297899
140155899 898966585
888489860 899459961
211620238 314997984
13435248 79393844
511684790 565047586
999685994 999826069
106451595 129238883
613515585 694828355
35109629 716079305
243346772 354689423
489386416 570559039
547584734 684063512
564685054 879901810
901088208 978120274
469537890 952328280
768934465 784614026
959731055 983955813
160744331 297819929
360680590 746592807
151598069 570701358
163548369 868670285
292670376 474055946
318071441 893019033
226597383 591380134
16606019 288406963
861267435 890110250
238871984 851359442
538331398 680766827
935355213 943085835
500212070 907524134
449262434 712901413
760020296 889023476
261245735 532541046
790080654 868217269
654953994 973610477
100299198 807899332
278758487 350297421
334759113 773654303
822705186 983202319
326196383 562739058
880984219 966243149
546166750 728639884
544161539 948600615
432317100 620495446
628303764 652935050
461941731 866894433
340720056 447139047
387912722 941113858
26033280 860654459
606725623 949173442
160703713 879046948
535981122 575226724
524505985 632166990
363647898 380377126
251223007 352905208
545073773 618666026
480286365 782894506
662427591 665621905
805003371 840881037
445868521 479508581
833486544 880364632
335689682 865763887
594608491 797612454
484852912 645790912
36737671 833785871
799789613 963348926
104530685 349564308
430922110 531621716
966922493 975437491
574746354 982674644
256936668 807958200
827751087 958976154
344262706 796733460
70970997 814574960
23722214 241539527
588915354 636777504
345859193 852050294
197247512 428372689
798446430 878147109
312570307 549371470
542311060 768848082
176720529 438230319
656090921 851692924
367362843 368166354
413391378 701466164
933394726 971792791
800395131 989141919
169530864 825442147
535307528 801498626
246113037 301668096
822483900 970589379
971475640 989391485
870059283 888642793
552569358 671838292
48666587 608077117
687302913 759722809
210010392 397869599
159313255 358931611
875566400 913592949
29513582 266130146
596962953 817712965
374877457 972446951
931615272 933760491
39480284 414904301
935684742 980611323
95626576 968238561
344153547 708952932
958995166 978729000
92390412 638322256
633497211 698446777
248101685 730303671
110516014 681766148
532896265 757029993
777877540 938822705
185334826 593415077
296927939 767038816
40366217 739182533
357008134 378407589
877675003 976500955
665644452 786490069
492087961 906767676
468801836 908849173
540869162 845820182
315434031 609535108
465076892 548239177
761890972 777200370
992947888 996029373
11557424 242236988
527656116 774523116
19220474 590785220
717891947 848505470
730669911 858615400
84534371 134056216
528999169 734192987
631107216 657211156
347164107 895457634
602188337 880682005
560702469 656531443
78286796 956255165
540184220 542332051
981804963 996601061
331341568 594860608
43244930 719619226
377228371 945405284
862552609 952645734
200637199 520996106
571092551 952000873
630492011 835880182
109954248 198035347
379566403 787238237
795360265 892717689
694904660 814552969
832072397 921289472
576622195 656056271
954329823 983448842
904098806 939989258
71410489 110313027
808390868 809601120
19167866 637271785
556088320 670053641
102262744 693693634
307962717 477506759
144425131 849394073
165763256 722587745
393455757 904189520
436936810 617940412
534839108 714329534
770684043 905562116
538859516 989967912
400547410 450036436
897624298 953728541
810982884 944618115
772679448 962650467
1239760 189429684
396579463 453638047
823556560 922781623
692285524 765273983
978191990 999329004
695935690 938184832
393700963 566546875
594618200 983276004
879192426 951184780
713403443 911072862
596177591 742975765
240180215 404054018
140671647 628057392
998339328 999576101
21771142 28725475
216741089 284159414
596762195 732276820
820544203 832331287
147737338 495635645
651335279 754018066
454446626 543740617
856900213 881326659
415996902 945612088
23395192 801746414
531776995 620407997
942707995 994037831
879264604 925462145
732961375 917520364
23300668 832395349
988641546 993016839
763117358 779324230
26365153 770083679
443781645 908166128
151406605 432613644
374415832 608857246
466141019 738947585
895371711 919258642
683771560 771238238
663009121 888598634
226030937 467005289
432318752 948565319
619880096 670301675
18739159 687360995
133343445 720579600
140233682 994696542
846197060 894428864
181915292 374691740
860056945 938862988
282324724 419504132
655165981 900838174
472492590 941725857
407886909 557974278
881913640 892891578
495806684 795254275
205319555 552162744
575367375 610618088
975587623 986985165
480004190 835432882
19149499 341675914
574985533 770899235
687208809 890203332
496059010 837745437
156387765 926440846
734461123 920285008
679478622 994731680
562222693 569093656
507625590 917621653
150223347 279927272
910535524 915480143
292862651 946016115
761280211 833465965
687395889 975588074
734243772 890201545
441689344 823075836
389108788 430970100
77905631 863157785
587067897 770856099
616256860 638255193
986366879 988091508
856669529 975336330
608617425 969037405
870340870 980976674
149702438 239612069
528246305 869072813
576993598 827864903
402354094 571689504
960621173 964771200
581088143 602404942
643972114 827036854
223923039 253661859
505358212 921621362
568370992 894097573
966714177 968733479
207129861 830143417
175714609 391568472
179324116 743932891
754031831 861527630
176194360 981752212
689751304 895791051
893206182 937989734
786171200 937836463
825650039 850009699
696859801 910030813
239294545 382814138
267081617 864229434
159037766 301221773
584460599 615656903
620239454 882631583
111569045 489663757
605714192 690745133
157252399 870358716
361923438 363033796
523426564 670093497
147341934 548178591
558545236 563848974
922587943 948725557
669282576 978237149
137576950 863610256
869462559 872451662
246351425 858054287
5280282 745708020
35687058 282210385
458739720 962748941
567059687 717157388
426671024 610850837
719013372 864473175
995716866 995734273
327630726 807902077
453024426 632594792
820736888 883140843
593407426 837381294
707882880 997835725
930976013 982619356
584758526 873032786
564223602 670233003
574784545 867787714
763607063 820434580
472685506 978824096
589705587 607275803
63975999 947895273
828546710 940924865
169850043 280959059
880134544 975641612
429115922 494547486
168551281 260290286
674283326 872385764
737067125 889259028
237535410 265187409
480481614 573036293
794267682 916517006
557150115 759950419
539810401 854114292
90585779 962924223
655291894 967848329
379898300 903314194
981050939 982799124
169226432 380885050
927747028 929564751
399323616 491474075
956755968 957185195
300462154 386148980
220723106 337843897
305229495 846018368
772207206 893937448
579375498 779024308
834551934 936941741
276958119 897132655
86591835 277725200
526680834 999618183
200601447 294766425
101584780 291048874
863258018 920652798
496639782 956499412
616198160 702853909
133207807 870002751
293141538 664286992
809280593 902699693
299182549 551548950
821406681 949513150
41636982 229038232
964398020 968864640
442222649 786176520
180198142 916498594
546747750 839940694
825417521 913406025
105615234 191544372
695463833 877779910
627521693 904614319
288149914 393845748
771780470 854173570
637602564 999068537
712205029 867028835
77401589 237677867
304289675 647956158
134219273 964443991
723641530 974438103
994321255 994497085
790057851 950663969
839745216 903470057
386845011 475458532
917489354 941500747
593380511 832119817
4625575 405678401
5860782 375710341
404448999 555165006
36555177 562211738
898304303 931421593
754932009 833622518
615407657 947214265
927322563 998030688
461080528 732966126
598183474 883951377
142073328 768256357
853195092 871389028
756781984 767617090
233889178 617901074
248007167 709292038
757421797 900366661
439875636 786884078
553063231 681721870
340788370 536087831
260715108 574434871
64174957 570809347
738558815 739971583
900515089 987351696
77722863 243119771
193220500 962429681
931618170 980701360
245004067 443580576
899238427 993937164
724299384 931855365
381126586 884081614
544459313 895572416
155207452 530800409
114276292 772592831
552681214 668613341
228911138 409035458
993041125 993575885
863794010 969396571
962382395 972321049
670597376 927359882
265532840 504206930
908575344 952510884
186886862 210560051
55994253 982043838
504172201 711079766
342257959 490631906
71037544 428810519
144168879 150446665
812164500 944025692
305981908 946519024
768657954 786225411
789726820 869397300
45987124 468416432
458917119 821427210
726722257 927599206
69124438 484526023
375367053 949795400
119381962 385498779
959406267 970646696
472498848 675093586
811630596 812350532
327650137 381486357
887842829 909579811
376421589 879123804
264330024 741603154
191426 791273247
633400296 838248971
568922846 952351089
310667752 313782099
879785349 889862920
856611694 883106742
948727397 989631612
506708554 853528279
15588107 341086244
172015017 606511097
114458833 188739452
941719255 959283021
855663889 979913806
9452642 869841850
721447771 985058165
947877022 957171264
382912742 423262296
212999107 948102183
711924199 732646198
662697377 796284381
71580614 92939661
709875971 853235646
532101746 750589586
272894258 435534020
81531089 701410859
799926209 883694637
709667277 789391395
203502251 466213332
477968029 641502758
951360146 993319253
207589923 355400985
999730410 999919440
297418974 599974783
422741853 938374375
297422076 450508058
981658303 990881833
756291831 819941230
814615621 841848184
974813716 987593743
712101823 723952876
836226392 954924430
75643509 551353210
256802979 904871627
254398724 452221342
804482483 875963928
273707763 443862079
609554451 683203658
635274241 727159907
620416934 724974479
227887780 494754896
213380838 797449045
986907231 997586017
252177787 410326964
586473039 759157092
719895200 890051638
903032913 965874141
465051380 835419598
589120346 932466815
737319072 742933863
602227202 619731727
456651318 517499227
182541523 497315639
38075330 184607067
729706650 852429137
528236787 929562814
335801236 806158942
524529892 830305131
539214916 863137533
430085034 470443048
129896840 904343507
238497569 541481779
72684287 959307367
495353863 588587995
175758287 768971935
607764746 671720768
741783507 892883266
840377292 924859906
912858771 923802389
598477488 826880200
775216149 959487001
104202312 633736170
774840101 984798689
358694644 643651681
493738647 889046814
554056767 871241713
5350982 407289495
615560587 969636759
421273615 439127718
991309954 993599702
299255489 681355845
728052640 733770427
426930853 623688255
798239623 997276854
808996061 901372709
379758626 861452079
695843180 824408768
156098338 421131025
632775385 793151605
251493111 776886007
647429587 827374753
571990537 941143077
394635051 553493604
173609830 648736331
309819574 825213713
808746048 959364925
26607245 583350911
991400971 993939480
683773179 792099326
585774865 797232208
413613070 763207406
283080760 783859378
915110303 922894228
637558338 923235206
501376321 829823743
302989448 636152397
621407085 865445862
969921291 991539762
836483188 841107467
360079777 678746371
943836905 998925419
2024816 725202585
237233693 943244875
562864221 628144781
189489987 848762662
841142485 843975782
749528119 806381308
318611022 980130028
402448864 996960573
749759571 901139929
946261678 962130414
471994648 564314719
213400027 440206183
359499675 821551799
852065456 973764355
583552206 934025346
710693399 809011924
925100529 990814886
938185265 949706125
160951798 300659603
471595048 923011000
834341930 893380520
644526082 795022301
95663561 561576284
762303152 953299495
732792560 778018641
985434655 992699064
168289394 197631988
489075088 566170594
285093117 554323483
759825379 841021094
75943242 76258290
931492904 945217961
927336801 949643621
402602562 809014442
419614497 698935257
490360736 687815819
794743737 833907973
400103891 986223836
608745247 993463921
786974838 973256840
494429009 884131932
744336992 849791048
400727180 457014465
493865287 955139911
965982924 968467837
649996194 673253262
821308945 978791672
495170431 792653780
804682012 877546709
898619540 976464512
754170635 916484211
243119548 789320445
609779733 946246180
749769871 858948068
874082543 967333122
337557360 526228137
274943244 492686904
53442339 65635233
890674715 967043689
855387483 906097140
607460171 675299885
665399891 701412169
401310863 946195598
767852333 891710868
624806369 949084700
514190749 900313929
392516592 572518179
598803562 753973346
626192996 915483661
335559261 787236113
763462807 843467103
492508979 643056958
927848672 984203894
118014888 607904547
949762031 998109919
130278582 661997511
779246670 792292505
129457119 237935146
811347470 860679485
13095580 658187599
349457522 637269277
895623929 921311272
3811817 349292852
581753662 918656775
610378753 915068732
846030532 955661104
902537624 965678405
812866024 959672843
246633218 741904409
569669800 706842418
494370732 761029056
470861421 765739365
668643608 713081973
691071659 933094365
959271206 996092036
206733987 789528422
721091638 900307707
58185424 374249362
363214357 613123224
16363935 645590134
127726465 952596339
858925910 888731173
27582318 608895221
885518927 906234698
359148355 875683520
789463589 814836470
66922738 550180013
300336284 719535124
34530018 283019002
656355107 769877777
930742801 957919781
953161722 991498628
622564771 875315341
111338423 197496588
77357211 593050561
286040117 902219571
104233583 622381844
867193977 936592931
621214646 629876473
674199823 984349990
322425182 833405184
215895658 594751731
449783091 758094359
643528318 712003632
405194057 585162644
140232578 574789800
276865012 862190376
331393566 782300123
642521888 836524706
248093449 265777869
67887182 123979797
972296283 986136731
344289409 449230216
676982339 865470635
840248183 843586008
370974144 582089397
359854051 597119147
773608073 814443776
652387359 829551216
947481784 980306738
549280815 829080962
553145445 706929885
576258799 677504362
576522098 841917123
844512738 964722891
792961550 886270290
796059830 914340185
185360636 427177913
690971584 844387983
957523677 975603450
798064024 892109408
316230810 481964286
440838968 498759726
792239378 944975529
771829025 819182973
556762382 953221986
578159588 662687492
624532940 947814750
120045014 888206882
884029600 972630004
473864365 562577525
369927309 630460690
61062094 967302667
826336630 955883705
567280731 691110150
412758980 832240602
50077175 234217051
820497512 902155684
177680200 337701382
972988198 993096676
77501045 100078685
888972383 910420023
438978703 907215716
745761062 998845847
232435373 995291856
35229665 715300319
878300304 957441673
3574452 655566907
493625326 737005859
830537271 869946885
975379693 976021705
259925564 363811871
909624201 996987291
847508056 957335048
731335332 959976113
73419405 84256932
914513660 981070136
829989117 980958423
255725919 861059408
485994590 653828439
462988296 496721727
649959494 978821426
157752006 525656196
505920602 860438881
169768036 234835602
327740639 602506544
33495507 322037901
889759651 943921387
32480054 955689117
972581604 973408128
171165635 917824283
315637265 721569050
121942006 469193422
624184149 763846298
932780023 982025991
681530009 771615564
554507747 602676300
533487169 577222339
134000475 783697001
903615685 940885845
934929513 945084760
159381177 174406293
749200678 958695403
951047789 973552879
270267770 347523480
266333741 694852304
896113185 955596252
837235434 839124688
579241452 964484989
876940502 962170090
433944306 520267670
87440880 418317363
309222222 484629362
159676153 845115877
55344398 143654914
250398591 957784668
410328764 539444836
353007062 793655783
780488785 800210023
35238205 200715643
426516148 777968317
136427754 954321532
374640298 895217485
428785129 522480711
903445351 979059074
691589501 859013450
828776690 986028903
491117288 941064296
901797248 940866793
681974105 925762796
129035652 199566155
447632522 536788394
902679670 929904176
408296665 694664266
530916042 836652273
850826179 973697506
662710095 693289285
951695884 965079805
844115967 979361344
733643926 794256367
569204885 888416150
169593684 337245730
296717220 686859940
348057612 700267313
232603646 325776187
580805579 764299759
750186110 892246981
956391600 967205602
993579135 999581810
577508215 735885086
796243196 832271903
46843774 694171501
932574808 971902761
491031460 579649391
618230313 924141488
411886302 601539918
801557516 827809473
134581642 889352430
848185972 918656442
365536131 845838162
750616476 778034094
848492865 985020338
35400153 549910625
59468835 745457143
262733544 590813115
795744033 823399641
942226709 978232852
160307968 397110995
89096610 346593823
159073514 657410299
506838099 669965142
824554637 903449228
891824926 891884951
529818411 875201140
484724941 764570530
522520628 795673351
539169477 767779151
203549261 583322628
506361383 920871012
712301884 959475550
943984742 948400961
502309691 546489131
400571878 937230151
186312947 683849640
563907533 926554991
450969769 555551948
793495426 834546697
222347366 623929040
428368683 934995033
151294698 928581459
515330529 917458471
323164286 708535068
765371379 871752013
270333129 816723972
136395428 317204239
296357558 995775603
737925680 985382948
151553424 964366243
709150828 977782126
64787868 847170404
329822883 652724970
355177279 436692143
82774855 317457060
11232489 735414792
701411541 895184477
31206569 445229118
380502760 795646727
885015434 967265606
869048284 911971379
987413739 999278553
164796904 326602735
630639826 683768943
947060962 948407136
317044873 806091496
675897888 693726115
365100154 530611017
209905975 580489191
715358647 814974351
671102584 745037024
594954226 611813181
309612591 725179271
86436560 622218221
706449789 988447804
316132216 465031145
211509052 797350695
869113509 935613655
193776112 807864346
290803378 409614516
592970117 834332695
724817008 908555966
425589400 846138731
936753126 961239324
95104880 297816897
603534376 889894885
631956786 964842124
550108806 586405721
708032243 870654918
879342982 978964119
260232443 494986852
564125907 664978504
733792129 912451903
897607900 915312910
964694917 984138206
6759289 354770877
620464106 649252465
591476171 902638612
396709664 835772327
644056907 981931390
930149133 969319531
766283769 905766299
849535128 938617612
301295425 661471362
615010463 686105922
511533082 732854135
320965240 956211466
950571083 994338953
519894221 655668729
683812177 831349009
880198380 949180544
260539663 922844293
521997415 900379693
203217819 625276451
787125115 922963832
349407259 738039707
620678807 635523557
558074049 891751327
667223433 752077720
553960818 779977077
73275575 914992995
836625371 987887676
435518468 627817904
286463078 727995006
953245381 970519611
616328177 904425544
711239679 966728671
113852337 897370997
973260066 989264008
598831582 681402658
816432031 946631669
695412460 738978192
971865163 972000085
361832173 758369775
558979622 923503631
474603506 516935272
450588549 650841210
768972772 816066286
125479293 550999181
560336489 646676265
529909488 577704733
417908091 530736376
307461430 964576405
717807320 790671620
366425109 788118667
355085160 552587569
975881274 978052730
903590803 914589070
652032733 812998940
327036242 689477870
822226831 828134476
829383329 955373066
41289520 843212078
507863299 703925382
686088225 692562565
63223081 499227780
816747827 995087426
792535617 890773598
180010433 639176409
76239395 707213088
214329391 653382954
211101916 997468331
751661059 966033576
685161098 858310421
441403680 485535380
183555160 342053208
934736099 998503463
392135005 508071065
645629111 988556099
807239818 927473224
632048841 852590344
823103832 968615075
190476885 383716901
49220815 981501161
437581814 846345118
285970281 945612707
47678249 147174710
4277452 942902743
404972108 771988974
260099694 970038326
638207569 985764360
651455630 944301747
713121571 875209893
641655232 793223568
856471238 991799986
708328890 896388479
936458047 937760058
973224302 998373203
202280369 250784730
864200978 941021772
424813200 786731607
758939246 811267895
982274703 997032762
395451617 725217030
509538871 511737493
759454457 872564295
386981377 756716886
335000995 984986266
90915626 108989309
271416606 489575859
322413330 593787502
185028435 916804269
466307968 577904265
798426355 853573136
64057881 914296130
487219321 966415026
865006172 900574112
443687472 903065804
898126358 935102181
412462585 883086521
677715695 710764938
252105207 935957155
833393923 874441153
515546644 538450474
886752506 980450102
2896461 320442294
383235195 955209435
90868150 341170890
608975833 980664178
826263883 909798925
714151522 984586649
549454917 587733392
452724261 608138836
684652512 726333586
578190435 887980480
840666960 963833722
364506620 759091151
461938673 707175691
638252278 649745714
416207351 962956317
409190501 431551145
41038941 624373741
691234467 884586789
754082801 947262945
494562233 877341600
258064261 781949274
881063932 987725605
803629994 870722293
543685190 843560450
375804590 680737268
565353805 788016353
214528926 588070431
941265936 972494659
354274601 418937985
420814949 830286120
573356469 641643822
620334484 839450454
769141387 988934196
68045605 80135895
856597869 988073871
929148459 946378542
646246526 888100504
901469899 959554119
872116694 880779256
404007665 707466002
570343718 614930202
346607517 433847016
909569573 919705186
95463016 604709114
692970834 919769699
326919799 970128482
76791013 633518272
404063205 773668680
818646520 984247656
442183238 565473788
530264548 936021142
294238190 513994527
218335526 981450806
122672145 128635220
40759152 614766569
221632523 491877940
470300398 760612525
978407420 997510001
705725554 940886978
286798483 339598078
763562027 825787218
789707407 988172947
9305407 531077927
58715148 740446956
325810191 865601386
354877754 688180658
195036022 722867614
284113182 546244397
25220941 116296861
89949744 628895891
333079956 418361628
725420989 844949569
585356354 612482938
825245718 958201676
487798494 611894255
836407977 951946742
824670902 855277908
750801557 892735126
151082103 988633856
148070303 740598537
873679422 971378638
7309173 386320712
181091769 224710632
215273830 300709524
817668130 975418011
313269479 833529840
790968776 806656286
343428460 475948956
358390663 545507627
763614178 890985555
150867042 240046721
874726891 916293812
654174435 794557226
740247942 866618332
373618926 482688962
675362552 902792755
870800773 874291645
773524756 798318742
580734056 633136837
805429447 826374909
414386583 648312314
870159913 875315273
434069888 610923096
502252669 863365445
780153136 806491036
786446642 825460442
310793693 851681756
859308164 913068164
909919185 991253174
737480762 771899832
675902930 975781505
212848893 214168871
735283353 804602304
205801051 411843494
343266927 453343930
457300227 902331505
998140963 998917197
590503214 697364559
30687319 684059844
675001510 928081368
955822480 973512281
26736299 223238427
321081542 336979281
87437467 613256461
547615335 998232046
160740295 178647662
834841461 970431924
738532125 833781943
929983484 961503534
935629366 974010209
623905593 782001431
828712826 831884914
158512995 668784341
754548118 977569353
761460095 987650612
32516342 145658375
453895038 928552063
984189033 991440010
646618049 693678285
562749640 845644862
6497581 224631796
767332824 822936242
522878252 812658149
287881045 376042137
125053837 216511019
930168857 978316146
275452788 294347792
265566840 995193029
38355351 608804877
524174364 953425284
500301499 765901971
306952782 861276930
535090320 647152620
653447902 817703819
349629766 990756996
105929128 449037452
8362184 54783270
686925653 859938828
713576053 880273780
712864000 800297748
74711639 874874900
993325691 999813105
261182384 597886021
611497126 958889367
303047883 329914473
187694925 208276742
403575030 757906454
694550552 808179199
938511090 938551934
197356354 974685066
569783225 587328860
299110331 711983452
989688151 994871649
994275572 994505044
390615059 804840244
252388346 760428961
715464446 909424820
226292414 492960805
648659133 656889128
73356763 748637713
721372785 792649532
392740911 936139886
868250598 986112397
243704001 623705251
213602762 248359987
520318658 808060891
705476874 882600801
227268215 639978976
127794152 602760405
532294154 690362780
636605571 743823341
708329901 718575151
59887541 187318350
81045627 626106829
200358523 240774002
331542309 824941801
649015896 665964433
175796383 478830213
825597170 869997627
350446069 470057898
230811387 793322739
39862461 717416436
117792247 314739874
336731044 799321103
225860185 827478273
892250553 963240758
52118640 354242517
532917276 715574407
472404993 768379661
971065118 984343760
159426032 857057148
135090888 318961865
676810463 818014732
321190684 756024846
920308787 957799597
506631066 568326262
471553402 936944293
888535482 896204303
114312483 494654666
593460554 842295155
569449181 816464839
89395383 774550914
985994273 990317482
565042578 761777733
241999211 337600230
490583117 766790108
177619170 656618163
364738271 426301250
448933227 701082197
442829384 480547088
311546730 592645610
409090312 727792538
557235423 610648873
968936201 975049373
598411886 968684105
278195325 455874616
766105103 997333686
439798917 896520352
650442333 922624752
554184591 600049762
80701995 774013353
288397504 458591800
931043405 980615699
222399119 839080584
599314820 798307582
396586094 670340154
226841188 921966022
862770599 943642571
333350291 700689738
851670849 915349900
806479354 940214304
974924565 978784823
911952691 958661844
54242205 234717851
374851940 786299474
590407246 968700074
443039363 780865674
930688063 981499819
499874384 534089699
502156066 812428559
749964127 779531252
343358747 822274320
448518180 602999353
151497256 198106251
856772908 933951745
328010427 621361616
674266152 769062974
179109988 720895643
684622249 751343040
193406164 323444721
460214769 812710847
521898437 808264344
991071389 997737283
29148757 659845782
518771411 565277713
455354882 769342374
872767631 976426678
310836775 316784050
453478676 473022313
250101102 653845527
906797975 930430402
68416006 162931052
669540196 848180859
509391344 701259143
213471222 836345497
684698371 967808419
273568167 652420830
919883674 992017933
780752658 795757394
837004710 893225475
178950732 653503907
983703834 996057097
833163609 924388664
173130208 873257198
219978642 600217847
297223969 986474791
840318779 842918455
724933009 792673492
512856843 639686116
201915852 516560841
825060843 830510560
63987803 510642084
213271577 694619947
587375213 644531631
842124369 884740497
702479950 799716237
317782636 980509277
467840969 550814395
940372874 948424714
284693614 999184045
379564861 662214930
185475365 432169800
615550187 828537480
220008564 949436110
890439632 894677659
929068062 981937265
817913261 868104099
815244384 997306062
431309102 791810651
822750434 962008908
514630968 690711338
190734774 228128993
635182485 829459647
833718117 922027427
5911543 699377824
621048496 846795872
680400908 870175587
838019643 940268073
688954849 900841717
8860827 873373628
651789092 879029822
924566641 972380783
932127834 953944821
256477050 402359385
88530434 658064480
414031713 564566347
566291462 863135742
225634390 235381473
692165393 920949639
711548360 783223547
917261032 946914319
669860106 741436979
682470841 875687846
625448843 654360517
946513215 987791174
8185873 518717941
528323149 784589965
33343234 675991295
2661322 413041458
436275065 553928910
153225920 433037766
527397348 751319707
990591958 991374111
48486721 982580507
133513471 721780200
235663931 428288250
42228888 267986210
293372201 807674297
535824843 881394100
748894764 906464312
392275018 910391800
425172843 544587022
10447917 652226629
532816149 984980732
239819470 365524831
900534517 921927047
338986672 378419596
899859691 925315863
920181142 941625806
103030426 592034291
56245538 263357857
566969927 716219578
240676320 243802311
521063668 791861487
492884611 928557110
207566990 863732236
729231950 747804852
658480686 930255142
420452720 925780647
828752742 890592792
687770041 878603198
161012543 857890580
607295636 874586605
501300312 778767785
5647743 437396746
164519522 203749197
890793175 898853557
799109620 860266410
598384054 949451578
223176649 964558128
960476790 974554907
928658140 983607781
887678888 992897724
789873843 842968901
637729150 934930585
179355099 753778903
231943679 745488167
435696048 446808895
403494040 782526857
66289435 322806227
319238884 449686712
584240871 992745329
458502941 865194347
647744038 685799716
985748455 997995583
764811857 973497941
438967641 563107924
990300360 998448951
611752181 809837555
496982423 750520269
574522357 929865464
353662400 800120786
694713649 942272995
467999030 873176084
169479354 794756023
472019061 857861418
357518461 457419600
423381033 742319817
551148294 643993403
585724304 764672336
453113982 841369920
46918460 291678958
28019701 140592184
971399782 984052650
142933334 195154277
733429266 979399435
252922490 624592338
306785271 600918984
447329900 657956423
676396997 832533669
275438877 516713382
188861725 908228135
488155348 694858322
14735624 894126262
651358017 891284896
280055575 810179165
345426204 489532690
506470018 638484454
929512077 978327534
743072706 989388230
953266262 957568775
728625924 852451954
170800304 386366239
818680927 977931070
51802919 674762416
815050932 858074620
914265238 928252869
76281094 311456824
738079118 993322604
469425807 863454512
949666929 976548093
525198699 752303141
725637944 898968756
875649494 962875588
307209410 818762609
227218986 791030226
964923858 976621667
12528982 93452431
796566444 813489286
961585681 974525587
252620358 874005103
512492196 661098058
593010732 724871554
915112789 976421794
388177907 815531045
472557413 906557235
286724953 750345824
353422543 617127645
797874675 798955536
491531391 790650156
794543003 968425282
729460039 978105640
821383259 920137719
972474729 989810788
276593667 884603290
284686517 623983484
622445943 989634596
947918175 985609104
149544819 491185554
637634412 681443959
220914959 226000775
914687151 917288513
554975204 679200658
871236476 968825894
991197609 991241416
293892587 581365646
473970097 997252524
832394187 847531097
704052160 936127777
433202986 630045743
77347018 336367659
280738169 934639972
269396825 741399298
431099739 645524925
867256106 961040347
340359047 878914797
771397750 978565590
474027028 720906701
979884749 996225167
107314748 858629125
283931178 828969955
171312540 663754146
843901665 969855039
80005040 821490243
395402098 553236979
347560537 651058761
830199376 905215877
530523046 838336925
766089723 865095466
279944836 982794718
150888575 760162105
918238773 996384749
687696261 886939066
132333401 820143314
373383633 446517268
873096152 908629682
589230715 883980041
873392533 894822794
233343467 654813724
106029744 621537773
648994008 897636546
933072674 945079032
797761939 836161646
454749933 889506919
668701928 702848559
784782372 865947737
687474505 922769722
404637687 834993262
249230162 882417300
867943175 979488696
527226571 704409927
165675898 337558943
132397458 803734865
448739499 912862634
711155046 997297853
551855431 708068545
441302248 567391092
656288231 884884475
741871399 855955217
204345304 590864823
395115493 436705033
277533035 398069683
109332717 706649411
857575933 898309032
990033363 997226938
180848521 224711095
521462067 845614031
998210025 999807336
239755081 656945199
316404180 514952769
656910531 752001128
818038854 987188366
692025999 915392857
327921328 789723032
478932595 709368934
377349970 687028863
969323876 972778145
481891175 594710747
618126499 630664943
471759318 988280396
220957256 784029461
721222034 970234984
975610953 984534327
245832640 655413416
236266812 622303222
906152360 951255155
547117564 765676689
433820673 828941060
806894304 892495315
748130801 844365351
159261234 319831140
520488890 829327509
558767 907035887
549204682 582719234
656189557 932815479
401121053 994420690
343140534 491777294
249843717 899973645
522886050 811776185
324650558 615465889
783290692 941877192
18804209 617817925
777423098 797990807
495230613 556842284
210559338 862194217
209731518 301254717
773226896 946474117
700774143 741581480
8092864 109041923
825924584 927486381
721874590 860058412
727242776 839138887
80881553 84617911
474626421 615693082
758179032 904131889
552510779 583209564
52522150 737969406
622459029 940472907
565466446 620872933
986161993 994850638
19604928 47206330
851281567 900644177
863696324 902779557
362739159 707193514
57976581 481353311
582476596 883397311
731871851 964028061
160212375 631451078
71226532 629538338
98192182 833475885
929491008 934317218
92667658 685122928
611469510 638803815
136471446 532246235
135565746 905847015
444116966 782466716
429079876 513232528
816203532 970514375
198864358 201564526
275316197 925965821
520237595 564557168
646647994 808913253
21490629 155748482
753660966 992253709
994435789 998801637
981297168 982579665
361493213 503152227
742935755 781098647
260679668 695157333
976732579 982627141
403528009 690888843
409281450 973182030
101234832 273300430
373971093 991256681
817855214 876518389
542646274 720234219
901331679 969427627
375973406 910189209
786695680 960536098
944540322 951164503
213056396 675266857
171114125 768382043
465448232 506603086
681279388 741126852
102950128 163129343
965551599 976549083
502238565 794585695
627283996 777946034
169525459 447518790
494333028 699206336
190093591 194444028
402635035 898829361
441570720 936238249
326487757 463736742
505981473 933441203
647124090 667529290
909114774 921370455
940882778 987862664
722285076 888652977
735175007 822205490
624303088 700910189
831162803 854915616
345146876 548845738
81720596 226891598
231365016 985005665
219272453 546834637
707100785 762108543
58802709 840597869
585500535 749563449
413729013 864154111
776784403 804599673
687792738 997176525
565350219 624937212
640489879 959279655
779027104 822542437
928939279 931517588
15394426 649718314
162509206 443500991
185097926 306539089
546432936 696581296
21172256 887793215
438867750 623446657
617733928 703836284
633993235 784945414
898693823 968189904
915901812 943876331
148772452 570383816
166968545 446080686
359428107 734680682
539836275 960595719
291402597 910273386
289295826 768782261
316636861 503509454
56997924 562982952
177655975 980525765
372363236 541135918
12725639 530880662
77713060 769357613
567634434 675281486
696679581 706870945
925210879 981382311
180158051 804919430
726688170 896063368
194394183 276709053
758310361 817232687
441768289 959073258
490054662 726891272
252273886 959094045
26220910 46647187
926123379 977617692
421643234 929055393
931268310 985138466
714412183 884340451
709327516 913673201
82144123 728337460
281415995 610426689
802680318 934524757
157641896 692284066
567901984 807597853
972270984 999303685
395972711 479535417
55376430 688995880
935465573 941934300
817759432 900112308
758881646 867612608
683657646 688600189
320926297 643499411
500599544 548612978
966636937 970433044
602522493 766172343
126553891 669114410
858132431 897404193
386571377 594905086
229765932 416784649
148715735 499077704
818793038 886711727
943349886 998980012
239106368 899367894
289733571 743139103
4688860 420763936
625408964 842897971
542556331 953603551
105051027 735770798
854222676 949915928
662117254 688532662
135666673 535417454
797622218 893150474
138358235 904670237
260789866 761428887
798515781 947532964
807565680 961169219
278437457 772555662
754144138 807282342
473350782 877758117
555116420 870367292
641576522 696761625
57907535 279632514
731421078 942412804
819965479 904281201
226429667 258757330
905362213 919285576
179579926 229383708
462541615 779062203
653793130 715970089
994136720 997032814
28905871 335898410
182146216 266240349
240996526 431575367
469246839 898275701
793206326 973707492
483487626 539473813
129264219 158078540
480139940 566576081
505441128 790355639
223910465 740949023
514749453 527605973
940876741 992433594
487402634 592163546
859373227 886079067
231573655 576981968
186016088 708709308
423091643 783044840
744402094 838019293
896575861 906189067
401248287 640509054
727939617 904303929
957457269 972416157
992244973 999652130
68631361 830545263
249639638 575917097
564030323 888981215
27529837 519910339
35214994 408580809
822227199 962478068
593936841 833931473
145064187 578206365
147371174 941190272
952244414 973151220
386106678 487642707
859561342 930439045
947371424 947823687
232917622 338289520
220350293 542290537
490521348 745541594
160882914 903360961
322247420 627092762
54584404 323852682
877067255 967621925
887443876 976130926
750563790 847889154
292871861 600871904
952663502 989632189
899942536 972928933
249950732 955354866
843221895 999891457
597516648 664226546
210981033 213656287
124405610 422048707
258046013 964272676
614214273 844654252
757724153 930242734
670135398 829143834
604498288 940117056
222162150 566343177
269851329 451917410
795590500 902567863
777447576 793066970
225900888 347663795
117908270 661558894
433979470 517534833
934392622 991838609
587978886 933470441
158218668 915810210
992543089 998218098
396606185 781334627
299588319 955685355
825056540 860380986
725989808 742950307
561463089 859664104
778891132 910061005
450232000 690616839
192955016 880385599
282847909 745214681
636903184 650204208
512374229 857065969
10997680 230704851
390284454 420662203
133526317 802252930
430878662 988776034
782784415 854739764
45379293 551249267
50158074 97018660
662667187 767503413
370898145 644278158
237844072 940732276
596569913 838901749
620337488 774280035
398119423 784320766
130749803 323037842
236083362 691921479
659552779 803266445
977050220 995618283
992083531 993226968
342994149 480463361
503053586 588851014
417547287 466227834
987103607 994610823
499204268 588870061
709811807 817348055
7273024 829998854
175670080 599255211
235836018 807453665
822466895 914035201
519359473 963970586
517330133 665543099
421844505 869945249
524315957 862233272
69043627 417952101
848233289 960165591
266330710 527422803
747176703 963844460
532310853 835158983
670093314 882297733
458122610 851862340
418031902 581255806
914545265 996730058
981515804 990668818
879044669 934990581
820606125 879171810
548809773 748724258
210561442 920834018
300962912 791368918
226790696 452144629
994773634 998357873
119349055 610725254
319288121 734339587
669425456 912659803
590676403 945336352
131315389 762422979
960945971 975919658
647152415 949014727
876340450 995554957
330597299 690342377
122675612 415653023
833392799 986936192
493127877 759648649
994217812 998839374
222541480 897393689
360047806 553386681
434570866 526943607
901046560 968397744
370697494 610464422
126104887 218422738
3421952 527897339
868504022 930466014
651559479 875705360
577097959 705408136
456430566 880371735
989431128 994431411
652677765 778823293
371134920 998437623
362762339 661805849
221284924 462370470
492543123 873787225
941416930 999475188
270761544 917656478
853924414 942998131
978088916 983623651
108526156 423030015
272386974 567067505
905092064 994810405
685384553 902422044
816900430 876999037
992382870 997680274
122929456 337467714
963595063 986605465
193428426 802086418
469991258 641202989
804347792 820480379
478426562 618073634
444726452 888960912
770389291 789529453
701067702 707624148
833515276 876250424
139167524 813976168
651399199 877152393
381732475 499231040
955094959 964915943
776368668 852229195
268433117 984110877
506170176 551002117
102365701 801849754
587100480 807637939
110218822 407834118
281353180 944274639
642327203 801120890
594086611 768351457
112417713 272714794
401744045 722100003
546000517 981692529
917729253 938013802
224456449 277264162
541299528 919042276
962898471 993520345
140387889 816725053
919745578 923710885
99776832 527529753
89855217 277379663
625724792 807465162
740480275 858311376
922690616 943035009
924722386 944579806
777891441 862251484
783229603 988090556
781714256 924748189
446973835 865772781
375070711 418186005
702726219 883918508
12653193 454283608
171465367 312675826
567763487 683097647
976836225 984804006
727330838 880579811
364883954 665390165
910876237 938348435
902117971 942509934
796737186 815553408
663805012 719524832
842809208 875925927
166398397 472395925
652160893 800222813
326638463 893207216
299651689 635677378
666879438 687804077
317364984 332213781
38360689 943606124
547728891 704498254
889552647 902882134
577788556 712661867
388794796 771235986
431039324 616105726
121357187 162552954
233098024 721180617
57093497 147031868
938678509 963832330
567189267 878348178
163297280 252437532
994095145 998094742
517155944 646153504
205898387 450863887
192075218 266746864
592573733 757514058
462415748 660560974
588232826 790380121
853929633 996347338
940899657 968208452
167733056 893109844
896021289 952206001
727174253 910909245
356065237 726258270
765132948 805225245
478117579 720116316
757185274 992132456
513924161 746702435
150704419 418403082
98900257 139892730
12152674 157816900
368747366 686060081
479719658 972148507
373395515 876543112
462614068 885738477
84022697 198641544
306541636 440793298
757531493 782048242
401780215 978218850
203086751 448377491
556242595 805901987
29798112 235353038
688119394 904422719
418613902 835045865
634635637 837246058
104385915 363818051
99489101 611308062
572635950 696127174
908729877 928504299
870879996 894382561
252481575 487745992
326657969 964138381
679562419 819070101
733030271 921848642
683101538 743417274
673672694 871054095
289201465 848298420
928278068 995189323
895508393 924128091
673663893 788889800
741500919 871424374
120774966 739877107
231075265 977912310
328196278 941165817
461426131 596815188
11389970 255312412
335774360 360902954
201517802 612257812
405165780 901795216
98967201 885521231
670357187 743800658
458079395 874266641
781374054 833097678
59742346 974114936
625981077 716134812
115964327 740761967
978915499 999388544
974676470 976129316
5247755 940229673
151357543 615632622
533459598 765431776
407932713 491109257
333628433 812006268
751381466 918218844
588498727 892164212
672324995 694293094
278493766 693203929
106937514 611843194
799659056 806006304
316915032 730118314
116458861 379985387
540429525 801375951
730748876 956101371
318733507 715361850
562026962 834088267
880063581 987605695
531051901 698700147
805969896 838986617
202313235 472222320
877145449 905713083
146838940 201745307
532434164 757239411
193381072 418277640
632536974 634191425
1133279 48923996
524712806 859278347
50931360 705705857
888953434 961408002
629279145 985619788
396287121 767230599
59733572 67858392
837051091 842126722
112972151 155927664
859628251 868798355
810648491 901378421
997674709 999572862
261825887 814025261
328698640 548326939
813575382 947173254
263463497 769032699
245674535 918399233
336938909 429161634
328774844 779831930
734757285 984969462
354372859 971668315
573033460 733121553
622343316 675536415
39145608 698336405
825895583 999694456
571481672 693223602
806379997 825290117
305742812 450262798
921865398 999244815
428888118 810757877
857555731 954786727
164031392 670964697
97765657 556488920
788834939 990660545
321196018 830109585
304657050 512373973
860490911 987969809
943802737 962155097
374905037 662411960
772872288 804799455
511807965 969973847
617015022 921092748
431885319 972341086
546757112 851863737
85518246 810248685
810999622 931235394
279290098 838762679
33596620 571727129
913452292 981227448
230185245 234153150
221322642 882793665
606976504 982418183
100178928 406940234
259050750 466466406
973250453 995198309
723676520 989750355
512842896 785572107
266974480 831550823
626652313 794736268
674674043 716976493
784650480 836981707
705438876 771546632
709829390 753472259
645523100 713080371
800987034 978220713
367466048 978427834
906438112 963289634
471981316 977608130
137100757 622848477
552709550 983282783
424310473 743937048
988615110 998947193
407369628 989145973
33043954 64867277
221697319 503913347
987486376 992312359
609486391 999670495
271619909 724926614
355102609 881265293
767238365 816622174
515398291 519127418
404594719 459592736
605280931 714915706
723698213 867518087
980334397 996645683
583725165 801180164
436293726 756406767
911963125 959627957
897918785 959025521
860720521 957539037
357913010 946476381
341334271 675987060
360461177 503519738
607128717 886584183
540725380 829891228
645912496 648586626
499044261 905746100
793943395 858600327
936367114 943784780
932799775 971242630
866533157 874559595
147057244 602620279
63315763 909418281
42597184 826793357
179620512 543226266
822600452 875781375
369767025 436034121
485533397 853393604
887929476 920865969
91404492 923824921
436861411 726051103
570307460 571820277
563154380 690924871
381449739 453962365
608237854 827968217
19411830 534230591
169680018 702879543
301824557 991593397
17212288 642815853
801918643 915576833
508513952 633596417
293947726 629609309
835855752 981514385
502354357 902554060
114431368 732362711
606728107 972256808
303375311 510458907
227015726 895203046
369823224 922845959
919837710 988576632
415443578 963879942
432576916 433671030
445958465 655771613
384155911 679467647
85137736 488015005
856313379 992504770
737575540 812500241
794660801 913190107
354706137 676733324
37655859 745924103
513434085 591030988
845703110 920018469
833897129 895357562
933098088 973405020
446196559 646968357
762832230 938579384
731491767 900401213
242705999 688900821
460350745 726779180
429498353 486997753
196127377 477796263
586085629 620565909
347626336 639012880
911194298 972044651
75139536 672603067
951911023 963374306
216292223 904755724
188907909 675180352
760720632 954984534
330193016 788396776
485429260 831783872
38663668 167835185
431985275 987727428
414940305 465656098
141163108 965823706
369230896 838680432
166520894 423570815
962676504 970777718
71055709 800903909
876599273 907614078
130474792 318851796
983439305 992918227
826865663 984872495
595965684 963592622
794878379 946553183
688322344 802697279
540469320 840069883
816800187 897123420
740383454 907523058
838937305 892199284
556411107 887170702
48452436 146543481
501739888 910641698
787983649 837851344
378973027 486813243
458105700 724633038
222698123 698080456
820693500 986167209
46053524 172425493
425397476 439406809
768128639 897059676
499192929 754611017
152516418 291118890
209722445 823764062
62739789 201902227
606309378 789335644
198698276 854640542
489251876 973921594
381070337 725575643
870477590 954975569
932362594 957097933
247790658 774639541
6604318 668485840
890502771 987281035
991135848 997863715
371511908 778809624
967831917 993810449
66684493 941680112
100825028 140827174
775909842 854662436
153320543 553082201
690409326 897199749
377044235 923636854
448652906 561413665
977672703 994789486
933131670 988351350
135376976 390204259
55221584 674211957
863608600 865289842
509497538 555349005
216092740 509636025
267085150 986924065
620877158 828792936
211703906 911254384
830865125 992526603
431524678 609928866
549334629 809823890
369327055 436785323
256242054 750979459
420203391 643472801
325459208 351865352
555278987 738677464
126305335 734154344
432290291 470039771
909423241 932595248
889484217 931074899
776574386 986118019
230188996 888878040
951293520 966948481
233441921 789503551
728222212 809026968
316984654 615875272
229070461 915861005
389705673 814673019
109138447 804917958
461869194 824470500
539871692 936002587
832146609 928605036
383816580 783642581
633881054 755823365
494363 330433690
841110455 928687086
101708593 673969765
335875968 928058016
757712504 801861160
577239293 861866174
778523388 832306737
856029457 891325538
485178798 676091979
662991468 736540562
236125391 368375791
180988569 202402675
857075610 933573049
844207925 942575818
518092830 812283271
223059655 745115146
18888091 963490350
802355380 954781394
277077379 853011196
218930715 614480363
761737716 940848956
759518776 877306475
530683848 709669908
784620999 837764248
929617723 939942312
2634214 856140871
592701476 774972022
605048495 862907948
289361475 926942495
34230862 295293630
948114517 993078408
604401353 926393731
471756767 531286235
244632766 782466002
190296499 705179967
679617350 813981477
361527652 393912526
467602722 476227635
222161539 223832512
865634256 962413368
375394802 964994828
944727266 980254418
958121123 970053320
980506706 986329507
208885493 477428445
45987232 943672117
960715700 995002815
762673111 894957893
250979877 688275587
901963417 912513941
320352247 356744088
811501637 877252494
520411379 717659304
579742903 625773071
538815678 797874089
13906004 352966382
243731408 978319551
288541025 298443681
299850887 632580716
693747044 943070600
617492101 721631253
694798138 716614018
655817070 745977906
86805188 642658616
168863439 938925076
508324906 884425349
272353124 727702808
387226791 534027575
247748116 661470043
232351095 991540330
473345650 513174559
762456521 815695404
61170029 725918706
989626836 998164482
436759519 580864585
944565617 977643376
347484201 397347458
984163195 991174197
770965344 923586268
574164388 961358204
35042078 112847572
194288943 242506496
885135235 890807373
543415659 735089547
185316978 673037683
554333765 616429897
763861044 857451441
710104380 727516735
561058444 957527383
303077393 667220002
433357694 756319321
740862922 847824231
500341342 714209958
986673688 997249491
981417885 985344417
527937926 533966511
779548653 983871138
519079995 857695573
171345717 998003360
281108345 636496993
849224033 992715700
969374095 982900279
200463906 444547809
969880958 977695787
845057029 867928940
716114332 957810572
899822356 998172503
739491550 842047461
366212716 891198011
128282098 748934467
503070178 581649150
524609967 883635034
477478111 876622197
276836487 701812049
894647993 967022043
135905268 142990400
916207654 967660089
645468844 930612352
349116555 750660396
839506030 891221807
359614576 819209250
517966981 650302906
858728686 934897793
368267391 689874653
828785411 883411132
627752968 718842528
201412205 532380209
866044243 905039054
222903076 687949099
446307648 866595170
774133111 894228473
294574609 384107504
753015747 789631680
740925104 965967787
516495828 568820454
66861717 473851511
866112977 993288188
651443294 794701550
735450339 793310212
831104746 976988932
770904942 988008206
499087656 904825048
92622562 450532211
838580869 913423256
322293569 881160111
975182886 979687066
331619201 898146075
939458462 949073714
651021526 922193897
427496544 620329895
197519847 709619007
816522718 936635027
810476185 885210320
116257535 163848421
791616220 949747818
50920243 253458149
378757155 877341899
270696039 700892910
880495840 907807152
735481090 898799792
369273622 841441351
43411160 201397710
212873235 335840124
95596995 313121224
688363324 970911763
897713255 962189658
496217889 701886090
887002323 978530305
757890474 957988233
998637485 998839306
569872413 723002250
629549905 873800508
519500769 922209186
690799437 788211735
427313177 592954778
285140029 937469128
710547098 977574773
728197722 889610975
585441483 895198560
840064463 990298152
914733321 920637044
726128984 803841458
258239731 856229515
171336291 990494353
937048614 938393873
468788952 698240000
167285875 934783920
500150642 925461164
207758564 972825391
842214475 993816230
194900000 827426367
206116375 775955287
861857818 922446885
636295029 976790575
907906409 937669398
760901840 776145522
339272781 378673982
182383356 343114705
509762889 956735142
415977544 584487386
106391128 893184974
166222406 684614357
267693635 763264468
244603998 724647369
980373344 995143161
455793641 572769456
579809876 985016590
914041316 981238654
650394321 981610192
609882231 944848445
778586962 978689052
286936514 796235433
266240473 916696302
445874487 836326300
537177701 559674701
588940072 712499925
496105009 998168955
838318956 934049953
344886812 590851979
489204120 852406185
586016103 951999782
625554985 998002651
872413548 992513628
171240229 853262662
690424335 950646757
283726061 348104383
978269800 978652971
822653675 877270646
242233218 526733669
372969525 733972560
291374888 973059212
683106543 955159928
105598270 443961086
483676640 934715115
608506840 808171896
109288365 471437236
991172857 996799900
974762830 991270539
93062741 302074727
215881992 688744213
949357584 982425088
579587365 589950027
705766510 797479686
226817410 406722579
396095438 926817332
507609555 822320166
90572645 850730654
906791735 950816653
265679741 428961736
741163564 772711361
373935896 635756442
484226005 859363781
957180580 967753967
25349530 982273242
617078490 697312187
254435792 613659619
989019524 998202780
552148507 977443360
52954500 401515565
460656619 902797749
115442780 587708235
945229991 996608211
791413644 887384174
689034819 759692306
151390177 587488856
135646966 397906854
10493672 803385551
262895068 561266984
747050870 974508691
149376671 834715632
996556130 998771681
567069010 993664888
323929797 476788952
906393761 932083370
518100857 763846037
81837232 209541821
285692649 461776486
852698315 881046414
907941184 987329009
510257869 547653046
612125017 794397430
175218707 452171757
15870801 82763452
178388417 595631088
21626545 826576295
668694802 766354306
926676962 961436653
395329244 825116431
922818969 928076377
946433392 970854298
70798173 459941723
12389527 372852125
806099684 852613875
265019890 449970630
174770453 755391400
17521500 715983987
157414556 389737009
311453207 829324352
745415539 982731731
529561023 704261610
52855475 270300012
925253513 984180451
453043817 887628951
204976915 867786950
499165407 526226441
172972432 990472445
796580893 798210612
14432126 260539282
318070495 359551646
700012910 802397631
694811586 742640446
162421998 863835348
320493575 924770028
66521110 983426978
390975672 751314235
978501083 997714620
905160479 955510463
113312114 542537457
86802880 601055839
499514748 844785751
948589595 971791030
138126008 892109211
417137263 829943534
476419307 687620814
632085021 654918783
634814647 907410471
291670444 894318107
469257886 475547183
62157842 216453498
828884380 966879350
669433031 813413324
560295513 954598367
380307404 731986717
285253303 550676638
179783750 211497029
504949784 524081350
935959219 999836620
462075015 477449664
432534840 944029276
950993773 974110705
443519337 941879700
260955241 890397130
267433983 416414148
838388173 918462935
724539088 775601035
573484246 980315824
752952991 782943545
365702059 726236655
795820091 904967754
196566784 601453598
538520872 826873572
477808737 762777692
221279753 531602699
577188131 736175163
32604312 993210573
849219033 942712068
799772986 975772101
877639324 932814671
555626035 715380017
726951872 923426122
415807640 826805048
307713855 601962813
570313906 663731490
970788444 999621700
811404874 950291657
901232300 969947704
686481739 696368941
833630529 984183303
188345969 931567506
91985640 113399776
48314861 358997448
979524686 997424147
953121455 996430451
210949889 637811464
633808654 696020384
915358046 969249495
240627616 529483755
96551811 799619668
158149459 202403792
389288040 773185609
48792298 949032670
496606818 539767265
760901844 899154721
520034285 642037402
11523474 259749499
468128673 686658422
737618780 922648150
235501323 911341091
108251849 450258198
619773629 810801519
13704491 390511322
368000832 938253227
809404475 830137980
753274080 910760786
283725445 656129191
649125149 746793426
340841546 843693387
523309327 732770993
683113534 888968120
181265047 556108034
83514598 653765876
478801368 652543218
965038001 982762248
523112912 624322393
600932018 672460559
712228394 739863030
322471714 754402407
901355199 917401904
917729367 995110020
712532646 903864187
295480190 343552594
666710788 785862916
292977110 433284005
913586511 919737435
995016611 997440005
624668491 674693438
34987954 875994739
644292793 646587221
582989708 990729543
870098034 921332281
18585656 864433259
429031256 980582602
658577830 724895301
80660684 437131864
849296385 987506882
161813267 721862428
483321784 656985168
613895920 963672104
450443984 892316805
210187664 980699896
928329865 953627679
443394353 799894077
450030838 758245401
481484028 490387017
532943299 969071051
114846862 376282499
409099500 690806217
722859612 917991411
691677588 996684863
762979175 779023028
209531475 562564929
101145124 175017625
100732204 428591449
44246211 900826013
896173990 967071961
499802092 671726670
948977651 997720916
740461734 890502920
428460537 620725325
317242049 511762060
675531250 771445634
867075616 872114040
767006527 813411719
89974953 318668079
11583774 936226933
586945438 854075996
101682661 203075894
797444796 956281273
418891049 854376357
984407227 999989804
610924646 774362663
788787830 833568799
263305516 389873599
391364288 653901236
714471813 718449629
723639183 988984670
912390883 986359378
111895508 681029178
324920610 739886467
66043656 924576687
693813783 710215296
787309217 985390067
539549974 645261064
95526004 332441765
402275108 650350239
450924861 917446629
818252661 923225552
683798810 988657506
437207056 749927617
229898752 603386351
796058763 901334647
216968247 412346419
136301254 678172538
489247724 942940331
40900334 964880963
949752559 981152747
924119671 924491563
933674199 938752017
42125963 774297664
974999867 982496302
656109305 660266295
871792970 970011140
668222005 883759369
221075487 916398045
637308076 776236314
855816164 937864317
634916353 736940093
115438448 597803749
481723817 642929154
957286032 971889923
810571614 908157449
119021816 290923050
933412614 956104812
761338309 945787641
791120471 900024190
786391982 840887269
840147986 945551376
687267268 884604504
260833489 801574138
228991718 627957658
66050961 589229169
968912335 976274168
229010882 583330430
879149483 922074630
599654665 790310583
854243709 937715136
622808200 916511425
197695467 390470645
486044659 781528717
165604329 366747662
114715669 343904126
610988993 932837026
924901644 942013988
250041082 394805087
471539743 601891116
642503550 948415003
676068517 919382865
648373950 786010739
224222938 582402433
453759520 618413891
197233922 455956859
344866276 790015708
313889585 382180878
677113041 866303541
78532782 251300042
992046655 999843319
175249765 313672154
659693029 725899266
229804849 815711719
490771284 923682548
60778681 890382688
285576433 628045626
751429977 914668738
159577663 462978138
131811346 777676805
308990377 965010272
736420349 915906594
777326967 876035310
319252355 850297604
297854489 445854468
893863874 967673860
534039269 652863698
652023467 857782459
242522406 867266338
994234695 995775349
964800607 964859631
92686374 448815576
817357113 919749553
321101121 894460954
164955903 342048051
842565540 912001072
30528992 575415155
888169631 906183890
714951279 964110831
565096225 740155809
197166399 396704321
864958971 947857902
449362946 898855818
961150611 994831094
633559511 845779631
249408740 527626040
418291196 821792202
754168529 950245561
812117492 888183790
132281714 457526466
619873203 807611969
634357972 806266393
252600927 326155599
152630487 950693529
813771763 829818190
618250272 738608668
275749953 691765844
885862501 943481232
523215822 589010621
306205063 625379241
543653108 925289035
489118417 560871349
245466667 487293403
827794648 895279574
311009134 883047713
16688357 795109250
975727565 984141745
399530524 626675202
193102819 226504725
385950184 978926430
372688711 464125765
662990943 898519905
984388364 998665525
517164453 640879818
302362111 449249390
789296147 946065585
675042441 675355988
303791912 432343428
54976863 152078187
610228247 725412999
553323271 715500769
343996243 859809247
906361739 909410101
935830870 979141263
62854361 161890615
995035015 996264898
13188568 220268629
406804696 858773524
771280930 970581504
5699864 415480236
321461789 586211135
194943446 626513992
571141221 624287720
701981722 937513294
903560813 942767480
749344860 757378528
243577889 658450919
553696953 996621272
724514218 875846882
142089913 997145359
903301941 921257142
883903068 944144326
883557005 965813591
193951448 707972796
62271806 949098669
589918308 783823916
398288939 621176958
385703624 627642209
541055455 945813112
501655648 922409897
677347312 802920750
928824813 983091513
282491273 895882263
18542998 201826388
272577753 399610239
154106737 648305292
967448061 982672204
414211986 833802708
140067565 507995135
212189980 961607612
309469882 971361286
127072024 762843857
715901543 797308527
831308508 916024163
123829030 631983917
704680000 732123727
492137255 895877940
619563778 890712746
157810203 537812755
430987685 542188401
867941926 912436499
983022383 984916470
321928470 927744381
419511583 607334246
655513026 759433847
456458731 614940247
200229139 436280542
917502692 945434618
86408067 280357917
437886496 517220885
36869398 148382491
459902368 633638448
850277362 998678607
291723313 997980954
432444049 942920457
78203767 503165947
579247324 749985066
447780961 983009718
92657420 424098738
941977640 945797483
165813577 696852058
478964876 988255709
384452905 495624047
152991446 820692678
265033156 682481790
563025392 872551546
705724212 859888641
111960131 352010945
821962760 842151588
973101610 985639714
559218262 662326349
928194897 933791825
354260399 378011251
300554137 656398629
71494546 928072298
468897374 574309321
891534290 906961626
287729319 678243897
664062063 985349612
100144242 819497708
629295332 816418396
711246702 782364076
761493845 895612332
972552648 997114515
317748765 651428659
762590189 845928000
966467333 967432501
906065208 982102795
646839670 717114060
164526060 806186730
306780481 715730269
900082892 981942379
480741713 897388587
925076551 968958428
741598633 964212851
225964278 691783879
698446818 970989064
637886883 779480749
56662049 227078960
314347065 490361874
959769205 991453080
490025414 562289581
713758166 859331238
582457571 787042730
472015537 590492252
68949753 679143975
295362877 619721537
858413624 912701979
781176134 951688391
550184814 790025192
160815255 293254491
662185471 953217052
535029732 611678713
760818287 995668131
613935820 985565062
796624 616515445
675264573 774484496
352287610 858815527
861573086 951411636
369332419 631952255
928421542 928933706
678321645 810060821
286623435 292171607
706561333 728524731
464139824 977048706
661543910 802718781
667384267 818841225
908982881 986829131
766907413 991375894
282940535 399654733
634782766 958119123
841575849 952380536
817784639 951681894
742792232 887115568
121802742 469783718
574853636 618245083
823346638 840875372
89658764 414145834
730192740 745962634
612641197 733728570
347224843 633716762
330853160 715667711
643058267 662512647
550768672 627371744
854423221 924576937
484147551 774711250
197879075 834065870
485946923 994353377
301300613 783977588
717179626 923948593
866705722 974892201
430542087 697470259
295426230 571794807
982146290 986924538
894882910 991376357
443923518 904664068
499320956 554240454
389006826 594883942
156799572 760530189
128847223 378405176
598640743 729298576
