5000
154749429 292694669
854184365 876050319
640085239 735386167
143280119 272273439
866991131 926569837
730847799 850341739
100115256 435933751
442506936 992688445
405252652 999832491
810555019 897627218
539238006 820582815
358856009 532737590
911618525 983319828
33847388 70437964
230836040 281895309
610286004 865404759
803628613 934567996
123575664 126507843
445726488 723216264
909366063 914557716
337456069 484612683
500344825 911218090
347666439 733447332
871883602 955469309
726479378 884875871
664012706 672807063
378483372 854686371
684953720 893862801
863820424 992132248
588306540 795125157
916998485 972960229
67569328 301474606
265930749 268258248
125510407 128683032
670128411 936248643
558244803 671370528
102000125 947831369
67221934 169982727
650064406 888254836
372607690 821887424
305340250 435741247
461701603 830982234
106096702 878680966
412032503 466995664
797544856 984338357
862225253 955323364
317077595 730182527
859583573 968172076
560125924 767209825
707131309 942544516
354243102 403187208
79113871 104730375
837159018 899482022
639117726 943703540
536120148 641476323
551108168 731207992
37456894 244872897
220384936 290042729
884583675 904304209
336727065 961163573
253121297 747636354
729944988 735658625
865865268 972293545
860398975 923790304
366338918 865727284
851774154 866634234
449584354 962853466
730816657 966682801
872795997 984934420
365886038 647077276
242404498 832934489
334759022 620235031
846599906 990856192
735680146 896944225
276412233 752644636
266067446 659228769
263624754 995274847
918906744 969819891
378488847 918116733
144974949 187457545
549383518 669683459
897539706 902196664
984237728 987172305
893269142 897566720
217210231 479114982
89029606 655471497
196179133 569919418
870090777 963406751
929526221 980340607
464940552 484187488
125034771 813626747
83731738 354081687
932746271 989051997
602512447 855464281
395494290 486954459
791379246 871666393
621139440 741302691
75834245 479975248
309229486 413954550
548237905 968190783
505737555 677649780
70995625 592982913
417382144 841540051
222732102 398729867
797479398 952581991
688458678 799246459
686503734 770219375
681834551 744610594
860094694 929276817
572524996 707422984
570512462 677198750
538925466 744675776
851719439 972320199
954354499 984832388
151787460 720153781
317454138 333285521
570965648 786224279
864718738 924197074
869577374 964644733
651291946 749859098
542280636 633564543
540509849 764089801
265580798 665505572
645468614 818024770
123680242 936732139
623901342 706552009
398155792 919422802
118830741 981468918
163032103 243943579
698117820 994628911
316824066 427813753
955697444 992832622
179462788 885633057
153448565 183556038
468763620 953998296
731611061 829966774
857018222 873514249
194501540 417141840
384997767 422085624
498828834 648781325
245172760 951686388
551674983 962038269
993183812 998767366
398002627 633510635
774478493 930176464
966663695 968626080
213460574 822885017
423380552 852559838
20214454 631453398
296889218 753312291
796479201 908621852
485818299 958389855
725731265 925887256
37087304 936615672
418826192 762234813
635749560 953320861
916554254 977319216
406300986 842881259
418033060 855486076
356431714 910468169
753742400 979991999
311439488 561921741
172824295 742099332
704841107 907207491
731338131 912261723
205234553 902090300
911624279 942118436
113839923 114576435
382746530 556676186
260652068 887693105
838021157 999359951
459982596 877392820
31351495 930944151
964479881 972853974
290246777 662704787
204519585 230715583
268398605 690576468
799796187 983857134
231821391 787714383
650219505 731211379
375056362 963401890
37339173 803627870
156279816 693239917
104293355 365824243
419950565 702366254
650008906 717017198
231306067 473997551
639078379 848174658
39479245 202942147
367394746 741320376
213794329 491943388
505586506 882262500
756777932 915084621
751648159 830219094
92984053 498589090
805871995 972082895
3110859 996367230
557806902 724723202
114781616 273166679
272302070 934455128
98490959 839368240
829689532 985934823
937235618 990492433
546446465 803463783
119470622 146830079
615687789 956106709
256900089 516174040
270550885 494239404
431554992 973408032
412310129 668042634
518735994 932740395
498891941 742195441
251331405 863037276
199791239 517332991
869709761 918015293
274787151 299801307
371007240 444922923
301611581 529382495
687354086 764030457
741985440 768512457
975569967 987607713
732674756 937360642
733212617 851422028
993283597 999395055
180727744 300050265
122140599 655902222
877459317 942214531
328956963 698677018
366191785 594224326
452451632 969397183
337062322 769204690
204992725 671539329
823416801 931787452
683333532 912583464
480468684 679530523
105937027 550718386
329388363 646960442
878111614 990820016
159797784 471106116
784016554 872322723
170720791 403508446
871276986 892761307
817545770 938470794
428433280 977723782
112509113 221949271
301968382 855110331
17817753 747115391
197002022 658790606
592463961 945730494
445106595 568491792
171951375 622612621
840033612 907119662
51920307 608643537
577244801 829079384
848962528 918441062
367200694 772052611
567133702 776684537
810654695 944433239
723414953 752635491
908826557 950324822
921806655 982353663
52545216 969638978
794934985 915618038
298267337 418456304
588531407 665449858
486462699 603160564
649263532 766718784
967224833 969003996
940763264 952600780
402238064 902990495
472801519 956142931
900824733 937243382
383515823 913629118
534385134 684499192
437457570 702088344
873391737 946941845
703841147 964830646
373231950 535852815
857974837 888893189
317809503 940736899
807618038 895500477
125129478 838628784
139659188 177253572
380302398 500746156
320638471 426738537
38276866 547483363
477372843 718361090
208439466 230477762
885148136 914091439
82253704 873118275
233150772 405294367
712723291 830890380
348839938 575450753
142559608 672858314
690118423 881757958
545066813 941454423
63589615 888828978
756739823 896208853
205869244 664745813
42462788 45291255
574494995 653712481
943345617 959965939
972505478 986079145
672395707 757691873
745685938 782709713
946426573 955373246
924145906 948330752
585959994 662376049
305610660 306668560
642531408 714841133
138598606 279799889
618593293 969445339
415334861 527492862
144875313 928746948
555582885 602023963
810594876 983783181
141018083 188753485
357832020 460318496
481626460 845247816
887010557 925684648
60965967 490208354
425326514 789063851
520370187 739724794
654703665 681816395
414037855 735256094
435203956 592297097
938133320 974228094
175500813 418875736
750369113 814987747
700429443 896975919
537440966 939724713
1218277 68774159
603398598 993353706
554047641 803172674
134726890 981950908
654998121 947266154
349282537 575753804
955982200 994247870
133559335 559646988
802932595 897602344
635527486 717751236
183523475 714125711
229648190 688901942
403522100 583809151
102805175 405028271
528411365 807868005
159218406 218967886
73484149 451318343
663414367 717724811
327725612 455690901
930034377 941883393
832029385 959404467
353699845 844718526
162822659 193762123
938077853 972660076
619940236 858677303
926146265 960676883
192438828 894645582
420854132 581286959
426047927 961638915
278692372 940458684
650426151 913138971
206759727 933476692
439249738 640334207
923696429 994647599
299063232 404544600
178853141 331565193
117264008 700978146
175060654 910406262
306552758 942993497
177390999 671007831
474489121 528216895
354523361 861897806
262478666 697592074
691538219 771243717
409362269 971451002
385496524 798340877
165747020 724369920
230157591 879871257
347705519 845909271
908256276 961598230
445232932 578667331
864863381 869372611
159413732 430211918
358892709 872245266
654189469 722593710
12779058 811230536
651152953 953734935
679572018 888843107
953792955 958425236
565303534 859735451
283029417 360600611
35269186 763759857
760754557 993378846
282728283 781907928
309776751 361720399
865377791 974559610
410131170 940572052
30515772 430116891
23977059 190055785
633425572 930179605
838840249 847138517
943183454 964159445
631809666 850944382
971919209 995817690
525391933 927396517
884686440 998561886
394050925 827778076
996435871 997424342
377123979 877046818
650213555 855297771
506682309 941495908
984733268 997155525
411352690 451065588
258005642 511518091
808409061 895794063
479953582 999307636
776442110 859690381
21376264 744561214
709428303 893055293
537024009 829978003
757693173 845133800
194025150 425714411
448942908 824622775
481354294 576231982
102102753 376273264
802935646 939208223
189801438 831145935
416385249 813636498
55615711 547249619
37862845 590652147
241755515 747641755
310049237 391868520
337135809 517086852
708005861 964860062
534647395 749143523
562654561 980608337
107571069 142079573
631662895 799233355
392414039 798316274
691889168 752545474
353091322 810323900
118998913 963585042
443785390 495917562
795733993 937317708
963423170 975054454
412711931 444986592
505614058 859995810
561952024 799924003
191434275 988067120
718190787 745053508
193638342 774204105
816225860 928011483
893136095 970505020
924635220 936237433
520846549 612578369
896062608 978266460
373193049 676463242
799609017 830993144
858044534 919522375
249064231 709024282
736396496 944698047
849025181 862386595
390653784 588707058
585015885 957237558
38837036 541070849
399858691 859313793
326765771 807512809
588420397 991868324
57414459 965422842
956880591 972841579
858202509 933809575
958726347 989076231
678913605 969694273
873051696 995978953
216572166 629275171
788118179 891513519
894009944 923246282
206320690 999828396
410604940 730141165
768692523 772053163
192114991 907213532
913509213 960227641
378626354 840225302
169506551 573181690
982120040 984257595
267102723 905093206
587093558 875500744
382225839 566854881
3835379 991081969
74447935 920560747
745955274 759549962
554906009 673379637
539585906 569391760
324651103 463920682
691407954 762730776
496938957 560347698
351015271 662612322
857173525 959201171
260884655 476733358
114087281 338012110
873920448 885199736
41058170 310269082
275071210 752520767
651881036 936341629
280432551 316307737
49613899 996905850
300525356 457757043
274721721 445349812
293557052 553896450
620628203 817170320
533914875 865008689
453951243 503286291
12387420 203710867
709107365 752282990
503504926 607249705
669726138 748489045
813473417 850211616
530541945 925112982
622589607 773981617
713597343 783396117
730512950 903580190
794350285 834329344
572350410 686963650
117976575 543801668
283517348 456621772
252144005 435334330
833308311 897558983
513239007 627941823
449961608 503064841
620037255 820024594
696886426 996416094
888541680 932374134
225248431 389824957
350930496 775547711
440909845 711946934
109999363 754762748
693268730 980506771
361942746 607439474
162746613 521604202
902376152 977396621
902366408 962222018
669443312 930023898
931266143 992551410
703227195 762137350
543500275 960701086
764569322 794882882
455795722 728831656
192290691 205011715
725607844 792235287
590257055 827990447
551857410 928903018
397575178 526302212
340216114 865771317
614338778 842294322
815876176 984774183
195083865 232360410
311226820 425404175
748485891 887708210
975306473 983073634
893626664 971963883
187566875 985425866
454297992 484272747
5036342 204754911
60776410 707306874
557003462 653924468
966207354 988951755
988662120 995730426
217583012 295604057
949928298 975670143
663561046 778648961
88196023 844849850
708290638 782151099
982032430 985833349
137166275 996306015
173153592 198675171
969557474 974584722
166177332 956844124
479152654 949326403
375451308 698519119
717034959 875543795
529541981 611873322
579898364 902773952
418546317 603023865
600550111 803523727
687332857 766556682
238862487 338967209
483031110 773086591
935723560 953780197
43359256 134218416
607370025 984674133
691000025 996276056
327506438 414768000
950840592 978511063
532105453 947198742
558341715 854359571
166039896 944614526
748730083 881748040
221511742 410987366
936169499 975671264
199398114 839805501
428503923 734966997
806217914 960419046
819685194 948754804
383257908 950632405
606154355 632335371
613146908 625724600
325749810 423029491
843295915 993684098
772741077 937965069
553635541 882781622
400053148 471527906
308839649 964158012
418758533 844716221
701189498 718324794
40124393 144059528
953227425 972987984
91584454 800821339
36492852 827153619
583185763 990019449
262024053 815402633
820315310 896289897
305769339 414372348
601323066 929360370
884198880 998585255
441715442 592468541
558590501 679405245
436387055 549625627
698472255 918802270
50024005 756934404
367253827 494678187
297145291 583220659
263021053 534857941
8031900 605535116
327228163 902403312
25328040 548852690
362286747 910411541
32780949 824682625
746069539 893176601
285913794 726965782
598571944 736317736
459236989 819074510
427499006 920550414
163138242 604243003
732529843 741309969
493560735 812386531
571547520 843954622
277697875 927919296
100032863 378596418
156017125 821524369
246397269 283991284
95942519 870103128
288297650 495246794
505874217 894143241
224756512 893513257
963596973 998171907
86576298 315081490
977221085 998653959
872668678 989661849
886148983 965934182
113714964 523857428
456067478 478888548
251223790 837490476
871148607 993776064
428420520 497019072
312230993 604306229
509454362 938180920
105817434 356251368
504955485 969161345
581255576 889992967
478633058 500807512
277889682 828243939
407474934 710854141
588024715 720677747
814100144 828074171
98117682 590091464
385130138 704676495
647579 902228613
656575275 824179584
792423422 927647147
234536808 785517172
429369574 712645458
680744797 910075204
51248440 443313857
271930602 531389541
418161751 746233688
450969846 859578489
907398937 925121040
655960052 923628053
86203105 246811295
801791582 975449578
566561504 678653794
678444172 867648296
867944321 929811026
89514316 445995608
958520531 975162525
547910676 916709903
929152016 932551599
495391873 698641400
910187764 924767709
3012556 29806821
145169112 717258606
734484473 887679432
473946768 789371096
800795768 928891567
702442661 996513367
605915964 776309160
240501425 700398177
326648712 668296166
580809427 947789519
707744869 865201957
254104988 994891343
751440119 994889047
698430539 926980313
788178805 935082348
857366693 910397966
24142958 760291751
67155112 149500338
461555270 489856390
546336879 584613340
735225454 960079278
825186202 919246733
441345350 451330624
168229892 518777570
875852730 935725449
89009558 681397633
633961249 832628039
629491942 912587715
769911953 889395277
447608275 577663127
190441766 985690881
996230420 996317471
191353751 934054441
810344965 870432067
625767368 718465450
282184783 977721287
911435936 936944011
419660489 801971169
910850105 953286205
740676279 940569596
11817155 98946665
689140324 997650738
729577164 794412552
883102028 903075352
317752823 573788344
216002927 796136875
132891138 748701303
162320484 168903025
23535678 414774520
356046394 782953057
500762961 515640356
884181627 965610620
425208470 973190373
809987945 998300012
998119685 998209734
701572602 919845098
224329384 782911422
502334272 635068418
123754450 538820415
346385242 350025216
806386548 990063033
501960518 908616623
879578193 946514896
110171876 279857989
960563133 966833364
275257783 285144786
572047210 737393440
264925040 414974097
108593899 141941261
455898301 658059658
68237830 421357964
176840038 850968120
322536714 707297997
815872020 918875899
880586319 919729357
16624189 630034789
894208590 911439393
212417934 517795424
962227394 993524248
245573189 678238537
634394643 736301797
628561110 755609201
111033486 286648210
609872686 788189949
46808319 408053413
808424817 814871603
246301550 270994167
39919177 902367766
581587478 851012811
767656840 984152116
458514211 936777314
112859731 196418717
401794159 628606788
727061781 780232351
251051100 263829976
624184242 644104079
523469517 629128839
104210902 739121355
301523363 465432404
676949289 760217064
600522336 990813828
973385042 980623803
547992901 876084268
82118937 272760103
371907602 493182373
523480886 992035182
545041001 979034885
46115873 727381660
770264427 817240152
161505556 457206248
234551209 294181972
420552465 606336922
370705776 504999965
592813410 979887659
820219762 823214665
949234227 949315809
69832883 608754585
128772019 727070370
648681193 659511583
651467176 707729820
468506759 712071937
451325416 675419924
512852363 717664195
993862742 998569404
455390791 902126795
80786805 642249598
403474166 695770559
466112289 785722445
817087126 920242099
488789013 773003735
996535757 999650621
332447332 521069981
245529077 927773343
580215215 736112420
306940753 411661953
896037091 925234020
384941406 994193666
263593387 710321802
173367454 629896939
608005686 733814470
893373908 947135629
807333843 837548925
954981901 976656421
647227383 915759271
521003220 797025667
669487115 984312353
309850700 701182248
473053365 638678994
755895037 851809589
530432780 812036153
843219601 855950097
483811571 595278978
117927992 554935537
152936917 747195562
266201225 716566050
238168677 730343871
486996357 865567504
734712936 894483019
970326965 979559939
493193634 845383933
885678094 901393334
963928404 985355997
27752260 443412844
331424337 505287307
711523568 827919419
56537919 225441128
654702834 895019765
97914581 371082458
737805065 921300699
954872507 965905774
131256193 984018672
31446668 182400403
209624824 488101618
717690057 848387360
211476935 889775283
71066104 855652514
897495087 926565501
916777148 956019821
204099872 603272456
50419136 472855261
369686930 715913916
283989758 695248026
429684322 595759743
93860590 191262853
349106290 560077629
147677401 579878166
33412067 922797209
981505697 992592036
269146075 394186370
39711349 252541272
156243642 274195645
88248079 955774451
493663208 808464948
840411349 940927643
771357728 815461351
203831643 239975322
376950330 921675037
475119594 587587391
811449100 938035099
118877370 399828745
808871244 838148404
843608076 994900230
446411964 903475769
234438518 748712507
451554984 869828324
55936371 226416256
751824745 920311568
70741860 836870078
670523490 973125625
135204589 845934014
925340780 938355660
996045754 996803304
716942716 765766996
51346340 573593634
161313298 917999393
955825792 966101427
459669110 664092199
892703237 937813844
838716162 936525150
28479752 481186435
259853732 591942731
693765800 822247416
556853014 813399007
695846918 843063548
475912074 501436019
446187948 684262899
552500235 908254503
629848485 771330338
429834691 592678836
598989469 736592436
67285300 160462773
775517396 834938329
833908472 972826101
565969045 608888604
579078648 742746315
904367237 998682344
859443626 892220724
47247499 448424051
35773980 581864851
976808545 978178940
751815576 879114808
812632098 861279476
146535365 341327812
355874803 709036884
489506053 510287617
99273611 232711763
626294642 968516644
198664444 360370174
100164700 522916377
816925451 957245649
287676157 992742568
947655845 984036138
165893630 606850447
125220841 424317487
165255353 716596811
926740787 970080250
926175360 957362729
849641230 930701436
517073536 545176306
347715305 357725508
178790761 331424354
288682923 742921756
103534178 510769526
189930435 522828185
303493210 425331084
474849033 919753421
285040305 632954171
61681031 842986879
528027678 629053908
647340177 978969737
938289974 972536021
920626811 995877444
512599674 605285447
817618796 879643104
791677547 799830560
432921929 641932694
137318356 436134480
260986576 810443492
149983785 800777103
762610122 952781169
260037644 932898819
856231795 896517029
180196550 211291058
68496656 328716223
609635026 956138069
568720809 957966393
666486932 817273698
113158773 739778498
72935647 956652124
837383608 907188044
24289753 77130249
634776035 923614016
219857937 825175233
811632003 984674452
445282792 464041066
261186086 289505690
918433066 919318857
499363197 849486163
514572447 527160061
360607840 878203768
213137433 699740102
413091574 677162350
265686716 670164100
819019788 980065922
67648726 197009990
920738334 944516287
504070486 644164818
458371504 705894358
566429951 637090473
127592341 742642800
954266298 961724143
891931530 961926857
486620277 869859491
1249775 770713280
949308501 957307948
789600116 871648302
81882238 929829751
786281588 913972661
219035856 949331061
993164304 999508566
426735940 853999299
590218118 723892960
931344018 954218582
771129721 828443766
918418777 955482520
600390545 676588600
513535604 878235647
303155583 458757081
458605092 524699373
189377617 736274521
49942673 73187190
922464390 990261324
51017754 356117567
334900095 510803519
903873982 931115257
651287620 698588879
821612510 882862232
749088483 982563734
344960196 585682418
592203722 649087269
352317711 361843549
266089745 663242189
752183780 787872882
503140060 804149567
482316523 691436425
692290125 719700439
321671332 349190697
857967575 932568559
512218562 557309583
49173107 951823813
254178382 675822666
505269513 684736685
450149369 962513741
864800293 914266595
80208791 524899849
199543739 649395659
417724828 429748237
892418801 941401657
301590505 438024144
273396795 548424381
999739255 999753120
878766493 926396159
497370141 748900740
491053719 875328051
188518850 223623217
693722594 984710140
525178448 624024915
914030263 947209634
190335786 700320030
690955270 694048810
109071417 667608369
692190895 740134401
208231893 672745337
957580743 974039955
490213459 964018333
563590230 667818334
836993201 953165387
63502798 966554908
931740512 965223055
601600257 821317337
120357193 293405649
21118076 708413617
333484720 504080925
213050497 813308203
697732301 855879754
222859422 541127712
846010319 938070806
753886460 959879604
21481863 829492924
387665533 852601904
830745901 893829116
299918252 866094553
713398535 774807410
501931200 561656304
324434656 707244016
260393384 475035313
296876524 889850501
452620185 585430028
899219023 929024803
761754341 925834095
152407647 879445121
665818408 844654883
159592698 528851059
896947623 934055934
900847182 941665871
496440504 981437596
755836061 950046663
204517147 413359246
410862137 486229262
963936165 976477545
711754500 975513125
633543263 764999703
336057621 569294116
863625075 988603034
187847094 805206312
228122325 379791184
94680577 253571166
710381523 768678833
40595436 385315412
919108572 990105824
490668621 965725704
446781084 845861157
863727851 937442597
271072565 659927228
34420983 750944593
653341957 914367725
944278691 977611114
797593207 974122182
299754443 858493905
794729226 936554492
863854840 884010334
545650064 828557856
891614732 918132584
886709708 935228599
185263139 827720296
567072056 866123017
321118005 613230892
441457999 730007514
872828321 938754241
793114523 843624449
364554219 870597075
657228214 774209877
87720345 325160776
71332677 972639201
815283084 992501916
679877094 954931504
826665387 866350617
266305473 536703012
536488181 895650122
952940650 993961201
523626940 982972769
726297597 893015346
744709555 757953479
118920652 481698645
891984848 942833683
508127628 872831033
805113365 813277393
981119009 998245525
463408459 646881465
607102530 737873272
306745263 351501468
472502193 656936466
30930767 978674335
467532962 821257340
567013995 709714109
667967290 742467204
168665284 269793685
171415702 992100009
826222849 868311881
676375431 890728221
455785864 692278315
295050308 862985706
167000938 964792401
77803004 453041623
982808173 989616443
508304800 624611999
231378667 265222781
552763905 939582524
724197595 975796594
317762964 645024809
123277617 350805510
405037451 672976662
655057973 770337319
245431492 818752456
955955046 996195471
871933143 913291129
199900120 945604422
792778970 924269769
808940184 906210010
517685512 746870746
496173055 789465064
868811646 961312133
573287834 678689487
974299508 994923477
556956085 760938761
883196817 971449435
757574455 918892699
167734060 895613282
761782732 992678342
682050528 918136865
456736398 544056302
127012621 536746539
303026423 911233871
715854305 982134377
350739710 594949035
350584853 391935320
533466300 763323205
138118436 673691722
793613279 920370907
274481723 522224004
964468375 977780712
108616901 989715414
36196903 235652096
558711189 594216658
190767929 728850407
772761263 977079561
863941435 887699444
206656474 335303845
754659191 880029465
524569294 844322880
401461340 910575636
981600231 998847565
115791172 431227283
78916200 795493637
976826983 978209200
489696421 702332358
125553694 996703317
81445229 110830000
870624960 885391712
513197472 556878636
782845619 802693434
797223701 835880079
532794485 930688501
341484174 497183779
84202226 276359587
246607972 699191982
416190239 487240732
279846876 327783686
818320677 888541968
294923113 307438079
797554694 967697959
561352896 632604899
756635679 905710541
907970504 961471642
124898623 526989723
396920932 692285313
626559716 688217038
439120247 887233944
216090495 776353495
148203691 689950222
401036697 739252303
140240132 880481334
593187776 681175240
701815067 732624974
261263701 836372827
56413121 488365993
412904683 616196584
137435673 160020834
330779948 467599594
227011325 894640533
349652731 806444232
87355505 914245069
810893205 911093660
839871523 898159280
440715376 973196214
459910087 942730119
105254596 369302094
622441396 914000864
539124847 722163229
455671908 715649602
4227954 91352038
393003593 573661068
284121785 866736476
103765518 221009143
487016373 661390899
70440319 598102042
915988554 928007658
163328583 547123927
838700520 928593080
144520654 749246802
740874366 833291986
480814162 817201810
702711099 732671568
390006326 913513487
79427436 877761098
727899847 829333879
583358602 658768105
907100951 910425065
726887891 794076887
986981979 990874884
557890019 755504174
788414965 889096920
614489951 877711085
417050545 480921458
612829357 929373713
199431138 498788719
582956013 827184543
935889532 985158285
590915693 735522355
660760023 951334459
928174915 958139131
761940222 982156285
920533817 989662287
201320499 601729317
877375853 896695285
873382703 961831038
720575935 755124257
364920836 733429751
575953600 894151526
500379838 826934046
626399052 910801466
15107448 768449673
846255051 849590663
448022567 452007721
734710097 893621534
91863335 278154979
459324394 546400807
103185183 488465925
178703207 521775771
463769060 546929777
369345825 492576969
995449911 997139228
313837398 931303421
989231727 992782950
209075561 648182245
848275630 950155888
613571482 704987591
338156609 450175949
664193276 849031081
430377765 870357657
832635968 923508500
875676891 961298821
50337591 746251051
226769605 619835855
529733229 682429155
578175130 921626084
455235551 801724935
264358127 666698905
362234953 388410262
840802512 913820996
479105718 989805119
744903003 976726400
765058832 816962637
31386019 325533877
314948521 590244445
80249192 720310921
912549303 956147335
547529961 559209626
488419181 681144424
679649927 921491839
953486204 998643309
141547610 879756748
529562645 667117691
745004837 986625529
805289169 857779195
190348813 864211182
394309970 909078202
197337896 288180757
758409945 871447276
419845699 794928459
905733678 967724678
163071870 762366899
406613288 480733179
99912419 107251939
560677748 981079241
840155511 973461051
144355256 478882160
113783676 642862041
631956517 860252257
504245379 939784137
238517175 792273828
836847631 952757085
116349911 192435505
841259718 943691992
53644856 599946839
107772395 447508873
492272227 700533751
450996559 966167614
130461484 781859694
924771259 968252632
992990679 993459493
231209987 442227556
777819746 991925920
248952979 297329415
532769792 578587362
653719884 680117057
108209232 134103454
666289501 897197224
581554352 899011230
694708870 825205662
760918481 918053921
761898161 852348713
728445238 829000527
542821414 856303852
433928950 437050457
165073006 888305094
843926979 923698100
140996566 326838882
330153589 498082255
677550511 991299840
745573718 794395393
427304705 546405701
780025573 819885468
620363780 870803067
837103543 969353105
608543219 933134808
352503311 569540816
289216642 901717938
286669122 856584640
836613995 859609061
838728107 912798805
836046286 937321736
146210519 730183152
208650139 657151307
69978472 470188393
669980596 698246813
214806479 280634844
311863382 349952006
220816777 407995982
51515072 532223110
192591877 423265450
238896741 953345334
386132647 736314072
560898015 631805954
810232760 947409237
100638813 968572432
22742953 896554577
958144088 971221976
565443806 781844193
505811149 830465189
374324453 661027835
234449961 421685496
155389490 668767016
627934495 805720724
294596410 502875020
568436801 995369382
86075797 175957213
48863689 934374798
144041667 561067514
715420959 995653993
217053768 814812276
616097100 741047489
93776666 940976657
786789692 944905077
845943424 973739795
608065114 734640704
912259690 922281815
946476853 960148825
739164295 780945953
694913616 841853059
952505545 974978647
654690732 842460249
607532127 833964656
107833069 475654903
340345966 590248202
50045949 877879581
792003454 905388895
779768072 966203486
107758922 993935391
651542879 710055014
751381604 844744654
687373463 716579677
869480474 989646664
69711505 202969077
887450945 904835365
780140591 866637296
398824476 934379813
955387953 992378250
104151615 495591307
833557608 937925233
62134487 453425369
176186939 606691608
485656821 654052845
851942618 973435210
437521948 551426159
430093652 433918376
867013943 924104749
628463790 791583805
465665022 759811906
416766868 573590268
167985254 343984238
560037816 567971182
208776078 484049494
460767820 662621724
484702835 774596455
362209627 745108927
758563934 841365040
417887237 650900333
677779344 710746606
66061159 260275779
847982782 891454754
870792709 896114468
64725505 888634922
438013148 923110387
733778243 756306642
106438198 305420278
241160650 910619351
877193609 916675454
583138913 599975092
797114177 888700034
810940045 815822957
30835933 968016800
601011525 856607885
834109380 941216904
473311346 605195678
412779065 660287484
120394744 594740759
885429523 997729117
54514310 547937866
212484090 765264045
361627096 946900851
729333343 982558986
112378573 372855069
194214623 707495431
756167693 914558679
84723076 635140695
186983419 989362390
127782064 307998278
209229905 537043717
802132239 867939883
518728489 934479212
937285488 962651141
206110447 689463229
18605245 515351998
496321241 794377400
216571552 280680998
314456392 773967275
471319523 520925253
702615190 783215303
507796499 690912006
124710378 366961002
288711723 632156237
932163063 999085140
756951172 890034179
955729815 983339912
804989171 847324587
674845833 833748205
70169904 240024142
165891136 771419489
215102395 222563237
970730457 990555914
92876411 696811234
177597804 661337400
720038105 981398990
606487016 657692626
41969627 633962683
85247986 846217739
787420504 853167101
683877458 881589574
115596979 622864303
608126195 611274623
314236144 461807999
153066656 177427236
111029094 439627639
347779426 366637802
813066882 907239327
529955888 543411398
767216740 882742954
16732008 982992478
705574117 758979094
334317046 782201087
2590587 947712513
900103545 919383495
142109420 646708173
616464330 752942680
767136695 964944840
828496816 868529088
987829235 989776797
970246323 990863452
727125261 877883654
745569290 857070728
697790047 835714240
91725253 462830282
657367061 766756872
945247716 951382846
497140894 567590109
947906072 992533613
838330914 860875107
243501483 525299375
689387665 961690758
281161715 827408506
264837316 662676883
652812037 868225364
480398768 825181046
638446028 697495924
78987468 166412630
41848490 398872122
204876838 818847581
998080174 998741892
301261757 687927684
657721220 927559959
168333627 387516852
183745294 523130385
924579480 980958102
17886362 473883431
22453211 367599115
377546177 478274623
349064507 531740932
980077443 986964640
704193592 766221065
950358163 997190569
743071906 926837575
10179107 690260218
610806796 713734988
126041527 140568354
466069415 553463166
229258405 580818546
333155243 848612740
821328787 907258011
202724010 585826839
523986248 548545673
297489092 946317623
504910621 990382549
697127653 976731316
512817174 702739841
718902720 951998139
144321820 881851341
83785593 982559602
504563085 726197260
930382619 981509266
536742395 546327101
400588913 943174129
511945973 551256250
482027768 998292244
968188955 985801228
555108271 688554346
211961999 920985719
195477364 580578878
194414267 851133969
797259158 969168873
683408402 961618012
819302587 926678021
890677265 905050863
396195739 462374219
176308513 986646383
372814028 965141757
996494373 999181774
917707390 977466468
853547840 947521363
251383606 334784769
809312012 842016585
980169215 999704623
940921211 968082540
807965158 847985546
611776205 857667413
823641509 855745041
916217533 945968103
542844365 603880259
38556003 421902302
852545113 988969895
797288912 913275393
545328313 900831689
618810497 829403459
717468932 798205107
823831238 917840383
950322795 961755583
315628181 750890467
711619176 916224896
682286361 784445304
283441993 498549438
567936396 902315258
339612504 811835404
322555840 596767312
768977938 796989824
763765476 864494160
466505716 482901103
853649962 901784361
967543326 983811549
524577961 877231640
66190655 667352788
798014681 867004533
818334118 819447523
963744114 996134099
248936270 636287674
65732316 388954748
843562173 854631521
966455772 999721264
413426293 704249107
348893899 688079671
624319553 750994652
777412742 933903884
838553469 855849165
976991103 996966046
993929627 998817085
336589989 561443566
907073564 944837044
909091574 926179760
565981816 640106216
991217798 997865197
891055751 991816468
915543967 979695766
131450367 748466739
67702633 893728370
723966023 929001391
424387073 559140103
832828563 938276631
801894142 802957846
72614252 730440470
414721875 590070210
963998387 984713836
217792348 625681744
57820777 772810521
589171192 893733088
492527767 916920636
669828042 881054966
373653564 716764009
549442328 671323101
713192892 751110060
812120609 945429150
617742235 650321817
867262292 959363814
789820229 904702933
107057590 979355864
302185807 604842183
640287369 743145791
422283611 878655334
303853725 487454942
515814104 852126232
993814372 997671028
300163652 546375448
357489805 914066972
403614660 575136823
436984006 774062240
946851876 972148356
343820620 706355127
9726242 888110399
935007895 945914242
128452638 489710246
806682599 913763628
32243521 969513361
473518469 717740811
284473527 737276874
260221655 469952330
734676701 916837306
992471134 993029327
708259290 818194000
156128763 853304170
337740627 507654214
720710635 721651950
281438687 584914444
890239762 897505636
429624512 679705901
39795304 493623027
410221457 905307461
853608348 933583554
14723632 813991772
840245941 844863512
409151679 710671683
457617139 592270190
685060040 686932273
926030441 943880012
719980133 841211728
637286277 973786918
800488468 963051389
937349518 957288163
929090578 981778101
500017977 641034183
143726425 919416598
436894628 514452532
177209825 948251949
378442152 566763008
273403845 657110914
863415917 941920643
7772248 183594193
34047829 562668858
644956217 791439355
85668841 674526266
329704020 500081616
892885074 991382196
819636275 942787581
266459405 981655172
511557558 851952828
349318025 710469889
98820605 910117637
365987257 813140988
109425463 295634500
601458452 710930031
779800900 803437933
889268885 931596858
72591059 143730336
923150693 941025798
796948789 886894418
902583656 903845881
477336286 897201258
930593128 974652084
623285329 712986900
264079397 402099268
650693266 882560811
662944169 943621777
431152896 619693582
414064438 468525399
805417850 807875115
869269948 934883940
705980924 815311874
647942306 648081896
978424029 988653078
689215087 952265739
710820957 978277394
49595152 624803816
206926540 992853526
939507650 973351953
416023631 555703245
544696272 892216550
283878537 395303810
594814127 720291274
754424005 830050322
213004319 268707766
807571556 830465939
809077610 921353678
756852166 805625791
264803075 712013946
652009636 937229084
935244617 977996099
778126673 834855581
179151980 388844095
905341946 955606740
581957734 801190536
743987970 833742160
951130555 999997776
869285871 910060691
135536348 993471741
76352217 339881837
683019690 957407879
587912725 602586821
296663834 405134265
606309739 730686628
327582088 513503919
795188485 938689617
394336912 836827459
464293038 765584859
75929354 129263174
643862565 962756677
888909041 916733891
670720362 770263850
930329491 978806989
529724369 623797576
158471121 408855481
759198761 950480037
51042327 652630534
555820319 915039294
232881479 435628979
113903084 376898484
150176952 769166294
876315782 962687018
636324704 875098813
346046341 982712582
845533661 856854172
2110899 416733233
582381870 979890454
945893308 988523546
799855858 881540736
219686930 993094254
520226966 852514607
110924061 601896823
57835112 595259465
162326445 783558810
882710027 900174107
972041365 999661002
929479895 975497652
769392702 820505561
614687692 682967104
711725249 801555871
695694423 963262864
111234528 282107527
917538930 936628822
208284312 239605336
104306237 533529889
291967686 851995996
709265051 767352546
325298279 793568852
933290836 980854777
639854391 893515654
119042663 256050988
814397986 902964998
657529305 736250169
418807766 462085136
978612160 986112060
981850299 995360653
279933496 878261110
334058331 506550833
619501278 727603310
176258833 744616210
551465573 634352094
509854355 984798615
717460449 726137676
564705497 917189495
210776471 948947977
657106133 801481308
288144671 296584612
775220072 830062635
74822407 461599420
326958918 543902729
735939005 805320204
683642164 835266551
37475682 361950544
227656257 895844330
58392311 950469880
404917788 409467843
829252734 840884222
341167017 701786963
51559079 67881531
483712621 663040245
196917826 923913059
288171339 322436581
766827160 936011464
391992951 596189800
791301146 996868415
394823607 754896910
655283161 805301057
581730425 945276444
617161516 964620830
751597323 964542518
577338382 857573152
694271915 984587669
655067148 714980359
819854866 906132775
181123544 416609558
125708115 226874851
120447246 836984198
682687400 821971010
825885259 876806885
960059480 986176713
36781703 384569133
860677123 887047581
680385446 823863488
92076809 405622019
769980076 930624143
367995429 880994044
180850970 563178115
834850038 863865925
50023259 806074123
710802119 891393372
396484182 837681626
522412791 799392053
671251596 973056153
702169690 769850981
724138286 956851524
232697422 733261044
821945662 836259510
104392536 416170397
523536359 872450595
123394086 482757006
980253407 996638024
736532344 781889786
349902825 451415171
665474346 797134815
177068544 694164446
582762145 603419182
209758550 237094833
288662160 559174433
60557055 536889381
474499177 904380802
308462773 854760393
321687361 984230787
218865921 397230260
457135416 934311139
163424459 690052669
887481945 982708624
232805204 623914020
492298253 603567150
430090059 626647981
574108946 755723188
482290100 651151131
2394398 838853653
297637428 834826015
807572057 828704693
484556277 966307200
612118474 812438403
644278497 957509873
470371245 594865834
773155419 779228627
457789587 550254969
573088062 576815687
740060116 875550046
468043437 826788504
85350528 243350993
605449747 901583965
654760274 817650147
758193624 875272528
564049364 878002728
885496294 931813170
547347405 572043121
340955826 492005314
452089179 631797338
408165300 605446811
146967357 597563221
195801046 492038416
98858868 624247018
869328271 919234780
421238815 927701980
716780133 806310700
186782151 419962453
420593490 762875248
450258553 751706661
379413975 676144315
878016582 953678214
419661602 771523662
116974800 544682145
262343931 620512151
432753398 640783760
227274736 734127930
278322823 687641565
581348144 730287164
92967664 710377946
943083514 995767884
815663883 851691165
503603714 574506842
374779823 823927171
228337971 838625432
127660219 983080016
156223171 234994988
803526693 972217221
812630611 864468363
277147774 306634062
591368033 987518350
174441930 367011341
587604101 982210845
741803431 864794785
580088549 735553395
364802414 634596199
475399439 554073466
182324442 276579122
332998481 881117086
617367520 991630067
175264592 768502245
653607080 823044703
519067618 651723169
778264976 811433711
141412232 808915586
818722890 997221667
545694131 971526657
422151149 993616839
568728115 630608077
67371818 620658296
850293183 979143117
232293189 390484427
560151768 971568265
651890872 720018126
915440394 932913248
284010473 953214211
730163956 829653162
710903179 908429588
549869238 772483701
523066899 536356538
863378683 902718531
3190687 255326423
331420297 617185677
746101197 773557946
495429452 651047856
267647151 988888168
849565896 938343850
341536901 931639205
161617920 944759302
216999260 592054745
553783750 800969656
144607862 763709688
934482410 935945645
927178580 945683064
924028229 954680992
555889636 803820744
808722928 973341418
616036921 818408969
855399981 876096356
295849399 722111887
398992104 977993997
821860005 911259002
465654430 645249989
29839150 889105358
369856050 760931214
391742106 703160877
725341605 747529538
56780352 463309140
697857433 821098336
464452787 723323958
777937395 962490938
118658341 233831243
771416591 862137344
706414695 923630334
287593214 367522586
753159664 764544037
575805752 725277419
707540224 956374506
208496042 726359564
922228474 954940782
662015262 759246774
843144560 943878587
627036910 938335980
440696264 634569076
996946865 998405401
508835240 679498732
246306708 418480348
833051297 862075790
530441793 948925562
511443561 839360284
912248986 927915211
664962927 743742048
779077346 932377440
108592663 771592394
323340459 563147150
815702848 978803948
57932625 889401249
84181636 990131205
153761207 615774358
994758667 999746843
267414208 867582334
672871440 933157407
65391193 585712285
373221917 950478571
63388891 360200440
646537340 670699119
456979021 692940375
489654282 644334482
722103795 953718414
283744411 387064691
854090556 917105172
700144285 968796881
421143776 493651117
87956427 341155371
194380869 952787974
740552348 872704304
367496109 817826998
41645556 663150483
267100460 378686478
375854824 686468615
750885147 833674111
976061743 986912761
156668603 816440543
645938426 956315256
214906512 654859327
417943276 845505964
763368676 920459190
806654352 873465155
389554046 728827811
437286164 535158346
377018630 838282007
309604420 955901817
224101249 866251728
15584136 951825519
528757707 906611032
635686599 873437759
153923486 914869819
804939068 979733352
281739515 356828502
57870740 483981700
384210798 995237033
736031879 869730836
670526638 673346675
834918933 961634086
290078401 340823356
49340634 174696424
537326686 717797298
457366932 891304696
680450962 815295774
421385156 559733371
970169618 988055493
798262110 842676121
286486292 520058582
581606706 631921639
721005503 884632552
143962844 740165768
822676756 877757619
507769652 937922053
112355936 575587556
48380751 444307645
365827919 547706770
67290177 920046320
800654518 937951145
201978011 799914499
72430662 661029709
36766333 888806369
472172160 741183819
440814862 885375833
679028435 789196784
515969303 521588354
314321121 698370441
57612428 614628013
942841700 988742597
6541852 828561211
136208912 415035429
174172377 860316899
195510665 297579717
482038278 547618345
506094611 537598120
91155574 365523049
846514277 900601893
603046970 917352393
889903534 980087139
584261086 806091018
926531928 969261144
646368499 887718426
101111133 250829479
821748584 983030630
650894486 866832430
50181255 646262764
944441613 970829388
377877774 381180439
869291285 951454118
603419329 705896244
754411415 930612914
341376490 646466008
304822944 702721556
384490085 830578286
595297210 638473414
282125502 642655430
268583378 439135766
231595218 540569424
873271767 992329669
664215736 993818673
223532047 721734221
871967856 912821559
191296924 632936503
854706923 983314651
128662349 565583729
370117942 486675708
878404130 888984439
845164420 970912733
201442603 623512106
6471598 46737589
804253708 830123285
633686391 662168672
243344643 671508768
323488965 881465359
523079663 856698967
186138895 210134240
120680750 960792377
769669462 874000126
800955356 820971526
728405226 958609346
209563086 357957466
16486443 518843748
9012217 482729840
343358181 958912720
955849947 995582969
240381593 973889209
778837554 807475685
834238266 843470412
643539791 725065846
117810509 547336175
953837757 984530532
595835124 858107438
163242766 934243939
816299652 816398937
111175638 787772168
40358677 216205599
193584476 232994420
364001651 715428075
934887623 939539637
192167768 778288290
365799430 522174187
559423804 830717861
936872229 957039836
468005307 543388535
311834857 884934190
947289896 957497766
450986075 561015609
775245743 805952179
321697398 869259520
786925550 992978701
126423448 748799313
53845973 745685923
548298042 845076148
140608369 538868283
610675669 707590970
570677395 570953019
462218400 621271728
846738809 895432701
920635052 962133121
995821768 998152274
251605792 904419696
472322151 640988144
826985716 899457673
998957923 999787045
93750963 441215276
868923692 909453479
17287231 332072141
596490970 731642176
528722667 566955675
603984837 689562021
962267515 973221366
305484315 733975429
743409225 782355302
618200592 732984473
429327750 991717084
293265456 894057808
53020030 681824847
690867682 760238096
760415277 818567940
39459642 580201989
890190790 956670746
447214724 551319381
837650013 930933493
770313227 820690534
87548475 846530217
864604306 927982313
869274497 946682306
459996228 707260162
12408155 957622016
909799433 974107695
501331754 681616028
619648504 718862449
270281591 886007747
611806331 642917172
615202384 638679473
45510597 112007374
318899811 611315861
672696009 850943440
773924495 990339507
644391753 669899018
229988463 858329478
651237904 704333677
844192236 855984857
857993537 971433198
446603844 495412207
44145362 598653550
909745574 910456160
474474634 686686018
641107756 810879394
827947884 960217457
547307866 898399756
130853264 412941541
718281379 825166239
130931913 555656981
163252694 170577636
236483153 407238457
464853145 933475496
453195375 681706443
193751623 595276837
624759997 904108546
864956471 960112397
285723962 753504434
182058188 217098268
678477709 889023078
516618285 826347421
114271016 949775336
772204952 824475569
471377001 772780794
598244062 724863260
486005142 621863026
465762694 776177877
475560449 514252645
517505151 665126159
839495344 964950065
469936086 687247749
478462427 766043940
620662099 643054100
271970554 753972247
544766107 980494197
507684666 870700645
992829047 999994379
845812874 995739931
692506532 817278807
812190989 821868588
269504667 895123596
245079439 996589582
205316533 487090186
287880925 900916913
766459035 951292430
187018612 799773534
682913376 924201994
556363683 752811496
290403015 877466142
195203160 892635876
206090302 625175160
406618305 777357008
891920822 958034326
116155806 655592862
397460250 923339692
969402323 990242485
361873119 527427157
634076184 750203512
286291105 364912107
174500435 841240866
569100400 897096264
228437910 323351348
506192978 756815136
241851421 991379561
646520903 948617993
337213190 786130490
832321663 870476018
760467212 866716656
73275721 502817161
745741038 752171612
709702261 883020952
177319048 926704021
958975680 997518580
641707360 865330116
16926203 51441844
221382471 416532958
965527363 979053148
358586221 688844468
897215589 986307981
359876072 700554724
577252389 886193435
38797524 938295919
404596410 506624694
701041316 768964828
439042691 889885665
268823036 965935129
281299942 692900004
389808880 880220551
898127341 940977405
762824797 907234937
424116334 504793150
863599812 872465301
434498508 914643624
929741182 970022713
377411319 466370217
996470758 997413645
514244356 927092416
673757963 909010103
944605531 980763129
213121808 644419801
640061809 677778442
111900957 167948988
843447498 939520448
981775964 982343219
472931195 535465204
233685681 607859908
328921197 734842092
15621409 912725873
266872402 309741044
116350406 148150917
209491747 419206775
265147230 461565694
219477082 386040685
974923420 981912976
706723596 729699630
496674927 684417229
207174755 552880047
149966676 506523891
434019745 498499975
623574232 804664963
305402660 985938278
683803936 911012478
963157475 999915448
170480420 195292549
440690105 853333146
371618220 385312513
363416960 563290235
454618314 473856826
235184712 276319364
589281183 772256336
242870072 424461317
794076409 865496115
211064152 211210536
364263647 708546868
36569258 64908145
748418466 983263034
491109506 805384744
510671271 937469479
599989256 949415704
670626890 823329550
765488730 890570162
823188877 988858177
698755174 705543258
574866374 905085964
265911704 440734622
472357976 977342370
436123164 449389869
516608234 837075975
83992647 571787190
824783992 949980466
887804379 986341526
467255417 506934438
165077343 531447569
904827540 964139565
783681068 923370540
890155006 997104079
984569050 999761104
609003375 918382007
935021810 935789994
686195460 975662818
48735772 702476611
708831542 985466800
308896085 815003517
227382919 883064533
452698411 559768614
364311698 604920463
783236316 883420174
72873829 332098193
86925400 797837113
708126890 717644496
159837543 636722705
260394120 611307245
71678163 550662775
891113171 983769346
874355040 989297375
197513719 520927856
598081779 622904647
671988864 880369947
666390873 748843054
810703069 906785976
939900467 967719422
250992637 485982851
213428864 932545596
810921481 880039611
32785855 188853037
873540266 883145439
960638407 969370439
768143063 784002821
353538341 422869978
98626637 214378171
745013297 750519359
346173095 744781943
308767839 920623328
173376010 978299315
915521152 934927045
173970302 396241995
793255094 978553561
383159109 700187195
768093640 840159489
810831828 867054484
218003743 700896343
774264051 928532787
919847640 990775261
387043286 780423762
185731814 779705250
733366004 853656708
852205993 937946611
793716712 807469456
126315023 886052430
713380677 776141057
476340581 622273550
565335505 947918141
377549351 443417263
408324878 434919808
902256362 985913118
684935568 977669292
220115830 313480334
635031816 993088822
45098425 982243867
555960141 753569822
746269365 956953977
822165354 949890578
507410104 518330072
905775633 964370764
750070365 892307799
547219323 774304640
808137797 865018171
670262770 737642497
793053665 823423511
877273220 898727612
487577842 620143411
145195141 226355295
455158383 840436219
510655069 670859422
654722885 891680620
630164852 819066952
531110212 614837287
124461150 214353797
935306884 944157227
779567941 946904517
796637522 803378895
730462083 963602500
429074297 840848427
99291463 402698145
621918270 740438220
932358931 946465171
846999204 897755912
910090979 920031277
4417125 755451878
418576740 902540950
369256951 916121141
679486312 855497872
732406228 973317116
333198160 849654067
683576502 901609575
601637578 963289822
734825241 975463232
48780404 439509139
128116666 310252288
113561568 172721252
419458407 755616458
380440434 411314926
807848363 986322172
175927966 593951443
507786473 775967499
304487164 815207229
962365288 962971803
593397307 907497958
413293525 416362905
895735001 983649511
912873001 914148462
256627819 602305637
722998164 727297375
929161470 985366935
552914780 810305139
933930352 986114346
993391605 995894371
222712137 867129425
69896542 247772644
551867818 857326731
850113361 980611305
305859336 780998425
435636724 643107462
238092956 545454780
987085262 998929470
474852612 908768998
544398586 711430901
974672499 988159591
45226800 300806936
347630855 874484282
582826086 877779890
581912708 952189827
845398149 959964504
643816969 926933447
101141464 452481347
432676513 831883925
120493943 773108705
108140417 901720049
570576832 705695039
804452702 820218310
407104682 433840508
573208659 591945888
800073717 831097426
577271856 993600226
127637260 649397021
995961802 998474419
280359008 851606971
2550059 764141732
556642966 682522854
922380724 960543309
413060053 899489397
346720364 535602378
241801658 780867729
245808726 538708198
200095703 699423061
483896940 941550168
178218222 993269649
998523963 998894028
113913075 648510064
768391050 790983019
910619379 924846112
257321779 921481037
129273671 531479806
793867533 856289813
287780779 933563920
302356699 715384314
569682549 761361221
818949259 943819218
423817851 934359925
675880043 940633975
845656744 858597247
133923593 315945944
587174745 989038246
909970506 986432009
118354253 132367969
458162946 903108551
535141391 847383673
142744559 823541872
640675665 646697095
733465916 932198879
724114624 874039323
713380910 831547424
661106487 881196203
65769010 393703813
48889540 823264985
307961206 461696164
675131698 802948609
755683916 976291750
406753847 520822853
204920830 930040717
4675097 652279323
169558801 508842497
945971895 954076059
242695153 915909340
121939179 477260831
839368862 985022380
692372904 878251741
570975055 685647455
573369863 941837346
225039659 590098752
93948068 94890610
835397114 891305876
858558521 996199532
982071114 996766959
241844913 697757995
389144983 900754359
237673400 465667621
626679155 935164910
586138343 923387892
237416926 279022102
114718622 601689993
673883554 739169544
493973432 795114076
678592433 782427946
853664635 889701611
584603225 652984698
428554677 609828808
648420688 650446296
56350850 656494015
464986060 658110213
398623559 412890645
543120085 933334667
955486510 985968982
220982425 741964454
735390669 993034062
101043812 317721300
439950584 783244037
472935078 733348995
206798239 708014545
213780223 903412869
765808412 992073178
146385991 648389371
570206565 775702977
964256178 991310259
233263862 803975573
904113482 906676051
717670924 926667990
116419234 954920906
446167842 493335642
108060295 349198575
84777600 390766182
752766558 852307321
687497447 810729624
870775891 971344096
336198569 936021315
268397469 832976023
515539793 995643052
752993632 805846324
322411507 947336367
3903663 596038882
806994730 839630465
665075007 724441043
333650415 897784552
505404590 851895117
643609563 850632244
242489458 523455366
990495278 995241162
559777360 655918588
59117669 589184039
404152737 429632535
440665717 474273241
304749834 467272207
334910627 626314779
205415139 984469738
37189893 308547396
580430709 721530090
933553152 962666228
762519873 914209051
372195908 756197331
432158571 506752470
5026429 852235181
718224886 773152337
847224252 981610425
429307214 830554027
170577475 644356900
174966188 354915630
786061719 895863536
152662437 945326206
804259260 966426312
456324683 522951626
243818343 574585023
169019808 529040654
768674455 824491874
405175843 416023503
522135393 550751994
14633298 116193802
408930994 664866068
780109909 909032690
496120464 789593903
387509605 944765949
290046464 314457431
515043769 542832145
836722521 911285714
842928875 874057449
227797845 316167489
142364189 248124130
411064522 690586487
541299290 797071649
813583515 999451816
585021906 702062163
560147569 670702290
317917960 623928020
795763947 809884946
624686236 643256268
985722416 986760666
897245302 939029487
498421927 551978907
238674352 536464572
342049643 792928203
492385426 564012897
55860737 268518836
126093387 818864962
528344864 857663742
639134047 713937397
969569406 991504808
389947141 481743255
871841127 946217111
911047178 935160546
274046626 587379610
291077641 301638036
871175545 936305345
5320408 644050961
7625985 10884873
221174674 506804404
933222558 940125219
636916510 919883672
469932426 555512854
658642762 910741588
832582968 936698047
46701950 932309471
414015529 482256959
975616015 988099187
735652393 903771176
557368856 716642927
98223124 698926530
95929486 139817390
812253326 838706554
999951773 999992578
296667469 380959171
941306538 973151128
82882178 854008207
572288658 948197737
752688108 906579766
287207140 436703251
761617344 781692002
601317008 832251556
228595197 326035488
468609668 749277173
905231821 913601478
805945650 973067637
748785624 929654828
855140257 948101130
591146238 605008799
974559406 978984315
316335788 543888807
516444065 998210371
725236701 801490753
151248717 493989667
795515744 831208635
525579531 846305491
598566871 744185745
883546699 894105658
571109199 987619351
239184035 868648390
283774015 902391348
43368359 245570341
311089045 489192505
574948805 999058374
977437372 990673665
371275954 857918740
612799248 864765219
476888218 566597376
514533128 660135638
619713827 929090773
11873249 826366889
439966026 500994870
386354299 826383651
602626593 846014792
302939825 920799403
627031195 903395664
458959095 552987361
98614134 768711975
443382086 997759168
74105741 958212977
634693172 710026823
693423922 712272072
226233504 876581730
241029197 339253695
858264949 918386123
515218604 719633405
247607319 586848392
131134056 343946968
340548431 745964925
281729125 368511266
326597835 535121157
411160328 968622605
508521251 882884330
250142121 398040955
833086421 975143998
465560847 619829745
753333039 939647255
18021830 464206066
781891896 846416832
831554277 879915292
365071876 825237640
883809787 932409849
280466845 869552387
11747565 397882990
191653943 812170479
495064379 980761474
775946673 855489350
265236264 925372982
665066125 795812912
675881705 752296017
654148696 811585222
948268775 960190208
956110845 962759578
382108575 431656155
870737447 907971752
671806221 923111951
130728122 554322745
191170364 708221815
860537026 953522026
142253823 235462446
272207208 895291193
880416293 991539357
989793069 997122418
608266920 766638165
728146963 871820207
154199928 235760567
716278854 946364897
478377684 723347321
123470616 594656954
930058108 933541500
701940346 738953461
334197850 573813286
222023105 332693312
981963479 992030450
456668663 513203049
853360571 975151018
521386974 906540121
135054735 852069136
622762958 942381129
67997461 343352230
505951880 534809412
256536371 463288754
748825774 867824391
27500321 653949623
539056880 985739794
503624740 633791063
954747445 956302790
946446258 992941532
499461516 828181924
166768550 183847977
7356139 203997469
497964328 655075259
182869177 894077851
809236523 814253805
627920912 655468912
858226018 924733200
496509734 871467557
757504452 874405789
979767924 992766780
166892407 236493107
591187390 840333103
185634380 436790773
507922130 639139983
465293493 609897848
809632924 870350664
492567171 621714602
634488748 671737225
981439866 984446019
105017369 949239973
671507702 674365555
911017842 964695542
394101957 674931415
907807322 939008311
589219235 592504177
690364489 815530033
712315824 948384982
387995552 423493708
29384185 343152052
85543783 520746300
321033163 567103596
490096074 799627950
866742955 889759238
705612207 909376351
269719721 863136921
920241908 966206055
69485915 152041373
456599499 773446923
202962211 965480852
928730662 993005586
591150664 720336141
44619113 783779119
573253042 789442935
590710961 756406122
959745581 989172114
754282732 911555410
484337788 575883735
565895358 983858600
920255928 984858757
356443407 506819145
670916040 811714105
749398727 997518325
300967705 892662550
784166810 881084421
346684576 968080402
161156665 595760523
279032549 667640834
778055368 810292173
955747901 984807562
690027345 754370829
930952722 947503415
233546358 650757456
266175314 594906986
519291990 676298434
95678755 630730624
938309669 975683398
657982911 957605329
587929292 841813829
810365029 854684454
494884920 709642744
218511003 306820674
142498516 684797919
957902081 987793352
173942871 815801276
76482442 409959718
241764462 338290394
417936077 720370491
885991344 893395182
839254189 927281513
931122967 980492258
41672472 348813360
384405077 648579525
909949662 983579123
28329907 696723934
93275560 868822553
1747323 363410049
542492901 977398029
57032837 812620905
208219973 575913925
826477369 851620326
799549304 843204784
228461841 970218092
334268143 449534117
464580839 472290155
315994718 528104960
717268509 736373841
626948455 888308162
834080213 835506360
858382630 953409779
606014796 887324132
918889297 985893201
25266719 38333574
533787525 659035357
890267340 903787942
320345891 619064962
150676142 654494171
269783587 643891796
823837631 920191064
306809998 346826724
277819394 956806944
463449654 492762212
852644452 891912548
452004435 790023281
223543482 808539894
157943223 731840297
200552270 456814083
821717158 983161421
552088174 639385776
278780030 666321882
504996422 956046914
993586479 994641206
983986337 988446979
838304267 838897987
453963429 767448144
234887577 611848766
211120641 918913013
558543120 618269393
818538802 910141293
957964624 964575406
35221438 736804832
332581430 398021533
918719246 986030336
332639092 859274480
312737293 509192423
930394462 977607325
596658313 760904221
294380128 685184840
751904642 760535503
883563661 976377965
85009215 743958873
836665035 965259671
815883976 952516675
159238417 302698405
527578682 913240522
559516187 976363268
895792080 966839948
867524469 938897035
322116418 647822244
174068277 919539065
239207617 455359116
256522985 676907727
175100493 970725004
585770027 918097430
756789047 871190886
772590 131767227
783997083 913088508
807700339 812176064
452445318 577439954
846012228 977241506
18428806 447987845
233484620 438420676
335682301 480061932
347929799 498198314
676912367 909282334
758821718 796184108
212706194 504062383
945872283 951419325
153144288 212199677
167153189 980879302
385399519 980315973
409434186 438257002
607741118 708750342
786980785 834429801
730985602 757339089
291647233 883226183
22410983 335620290
744959061 812364586
76303116 954386462
289160824 601979496
185886382 339824460
700196293 953694347
652030919 944277663
40978651 644318141
696741993 984228857
528922279 882974502
970243819 988533242
466224837 698850292
351514342 639227137
382139244 605778853
25454534 148602470
851396771 986069867
949341617 989829639
193342092 754249474
560726596 999700836
226907374 678295004
902067099 949062801
695116564 969828850
676519871 788133195
19372045 688054413
741421970 918244309
130050398 218571254
730420338 931824047
19884834 477428245
280612745 468615436
307715342 465502441
120612127 709560126
992569042 996999999
686920339 989461004
647550306 964342905
649864748 999330468
745813400 943922522
865389892 930950428
221385993 977800327
751903525 878269647
338639979 757884422
293314925 870135225
537977059 757648900
504933938 787214004
982447963 993557674
709524465 908570072
134227828 789495503
676179324 751799760
385093025 965582206
432590647 964697464
184989314 756507470
99241980 180634591
271537140 667218405
441589745 936594338
152905208 778663428
294456850 561240405
268682909 901694876
696115343 791653346
472070702 900567018
947678192 985834440
433380098 765370267
373427851 565384457
124843616 721947033
753272660 785254853
741535107 794788270
933439894 958807494
597468411 918843872
887549781 958069111
92682928 742362692
896023555 919340368
950247860 991710900
702735881 979298370
826320700 836166452
674080606 972472936
721598696 743072573
295642918 727312295
453829006 786255992
608474876 817769627
50188442 92743994
347928334 501217571
157957866 452408536
219331618 474910794
246587588 468774854
979935220 980693404
433764057 464910037
838625661 974167010
938352272 972712049
333807496 886756136
954404154 990204418
410242899 516262258
853311131 964552907
682869572 793394242
497706464 656920503
545619778 716401161
212963485 397982100
29209562 126672138
428332713 536771580
318172061 471890147
356855716 840527786
751470212 973808778
617898852 992000811
119292289 855083263
122851727 605703587
573414179 993675406
636561410 722913829
288168135 923314273
329169429 368156295
747250419 894734201
277103367 572396428
99260422 130150225
528217070 600253997
986588846 989348513
270444889 447838190
387543633 793273832
610232929 950251381
317369619 405390928
648249117 961370933
89626060 280468302
576976139 707282782
263201794 304040414
305776854 321008376
539316623 670993620
545965913 998935072
268678772 970057482
227674066 718570637
267525332 324482632
849164925 971655622
904561616 977217962
212872714 737900664
127042663 393231385
436871217 515865697
849847956 869437333
37845507 182872698
642348626 780917061
749644840 981573206
221504614 485064500
831632436 999322040
243932113 595770532
585948766 919369394
493378465 703888280
647102274 763782868
334883217 880717850
988594780 998452330
494246759 920557948
737554458 915049252
342424766 699199038
529204127 874221812
896046294 965583607
638140269 739805366
393818355 775749481
727560020 964057985
644391349 689376076
792734185 997507830
407884899 951415130
303281837 447601725
456556017 863120118
85840170 295535009
377315799 466768831
758777492 909478742
342479618 911247334
174995489 970781258
152550620 275947323
149312367 815847547
899441757 966653094
740544002 740743537
790878727 985988274
398210957 899444189
700220899 894095205
680039068 722409278
576036282 672320133
825213227 882983796
869626996 870239134
341203468 829847587
516465554 972135675
848477882 928837564
320082958 530500301
12354032 629304715
886051590 907492502
916516048 978259899
996688873 996947710
946821803 956771239
878524506 983176446
189276017 723120784
952165385 963090899
252301549 897618387
131121054 641386215
889273553 918933669
994317760 998801528
810001826 883954422
274466048 759172675
932073902 994756760
26864664 616267459
833402794 892414289
141404241 649820042
578890121 604261476
898729709 948225302
508223432 935007963
365989626 729547403
778308369 843883601
541696633 713673898
343383969 799275210
888726827 894428388
219224800 615949315
892784335 969956634
70015194 138939458
711630999 890710633
805979804 811724011
122768293 368531683
566514955 615476015
285978552 633754016
49113549 524391506
485692255 716830724
807640272 980050943
487340913 877046551
580664631 839251810
690869293 860633937
729814456 883181280
432017689 845741823
209314229 735042141
987892500 991798243
991382252 994319821
452374718 971856259
823876022 836240381
916974713 977320733
420796071 728340403
796590899 874118897
472460669 695955086
751555345 999725958
434084285 918659320
3398941 967999416
767336494 860392346
285426343 486770221
134589280 251810661
851859439 863116118
746452835 915489176
776788407 959115827
620042976 656094981
572524041 660820956
755021914 763800156
173073757 956488881
582953889 666218957
474273354 789405114
419276765 991629011
945685214 997382091
469821302 915049168
858799331 878600706
136961222 424126383
41832690 416424614
408984728 558421462
779587197 865671488
384475257 472197846
170616985 755995086
506468402 748253736
390455242 801041014
509051757 817424407
881206357 891757215
142150640 895580167
410095898 734833636
340836608 418159888
782706376 863108816
806655723 844645527
619767739 630080077
191795722 442210281
489201589 934278900
6460797 921590456
250117095 500460108
93975331 436740871
163314554 746337720
866566641 902146137
54698742 118284474
615880583 774127055
554050266 603707508
965966908 995611444
671125942 948609712
371874472 569528212
447207807 522553414
761366961 989917547
863328680 951646470
909434344 911102339
631593900 815473187
961293131 970570140
180928112 276140676
663469620 922885485
641763138 712170002
894174609 963290347
711127178 998488947
182445636 986282175
181451085 911684282
458356924 801111786
660088756 691944330
538331262 897765826
54738430 668683469
189988871 846777830
867543110 949325679
506304089 650632774
382263372 497978582
991540124 992697506
272720347 901099174
494087511 728305014
612332473 718592089
29124975 206026092
671935922 717013921
358540604 592632016
132565842 212151902
224371046 923308436
362871619 918915837
323732523 995086491
310554261 460477759
635623203 948016124
116035946 187161755
502261483 686980377
296948870 512391368
219690544 263013384
114775794 494045508
108698034 757582850
579038779 668542152
704986893 856132057
114735277 735034187
992450720 994925639
708421078 740159218
481089918 686559023
326941660 424766794
873845292 961421050
929188016 936067772
857258166 864878216
237035723 334941944
918715664 997856586
297543573 394151138
411463868 719951273
427828517 613307605
149260454 814311683
635527673 985832226
603156388 845117668
85636219 958018144
326124894 444049058
515328087 583639492
667445660 757714441
710251555 921846860
516207723 957637145
17861096 855586818
276791387 815495485
704987551 808720227
256243205 876871945
635780283 646379825
243775988 984661036
132697307 451153089
796594481 975458525
940604356 989195634
109163103 509886228
823040642 942163731
820986291 921451756
74125394 618487168
21437224 785158238
135714726 305204560
750124648 996964658
49482053 916566601
740032419 852578144
992439696 994631325
246733749 909689443
227798535 369087925
267625804 932926057
145599997 480715708
219044900 414712838
282720891 710125602
982435949 987687600
130039500 550814372
156066774 740975565
775210773 791817039
81533667 273450732
273360782 301134225
676086708 735272457
404231129 514526470
815750540 946273023
286868347 488953211
670917763 997479644
642396314 861388426
96935178 444659077
71173115 493591919
493043033 935613678
463169303 584809054
440333626 903223645
932936300 948003832
577462441 850708101
25958326 185646328
974147700 983259086
79309461 683933215
593809007 860310726
191993201 842063322
584204272 904614190
737933468 787393243
507742847 775229318
892275162 994076268
951603566 994533793
8762489 868978655
203504928 243222769
492371503 672524664
977172949 991137533
359590018 771007436
801656865 896048582
657363309 955767114
454919989 866339233
831032857 961365685
495881633 556378815
488701982 507533609
609150274 839610673
621281592 787802471
930865173 935075186
817998235 928631811
382099644 701493024
498350328 609948887
272023428 330670587
269684003 970368109
762239281 863941582
745608571 890166467
935672933 990294417
63231462 787394432
338412793 851911284
181611292 565779799
438098361 895297597
228172472 368514271
710438013 867975370
12306098 69133863
405041237 405671788
235238074 569284545
936154836 939186629
977981721 992806860
176376628 286747404
187195908 641677743
31945610 345611985
553018728 826840947
760892294 968113693
443195564 676595749
328449945 484504140
310301370 455955560
157157333 232224853
278537142 425286959
216280456 370297827
937144346 949620081
153278119 490298687
778866854 884003561
310467740 731115519
201388361 913941572
765515519 924781411
140220388 720198938
341638452 927172087
954128334 961862474
27831311 97762547
296965902 976280000
661782407 829718558
992155726 996632184
687137409 851977919
440683271 780894402
435829289 818912061
330486007 793157792
832621134 949454089
620914099 767528515
185241689 804187992
47403089 652319173
591793394 818153967
413856950 470973375
421646741 611339610
52535891 886115781
545362096 682485381
801371708 931048081
171816907 416481928
781047391 847277263
540239789 674176066
599803844 730406222
419871813 997239177
284635578 816522932
950404097 998662412
235816713 992891740
369181121 753996652
742875295 834649458
583591237 664173297
799903266 845182194
502490262 741220766
653379644 932745568
719068717 892056362
377135919 396184213
4355249 836165863
609818620 778459664
88564264 695948331
176129385 233032594
101638990 487645435
338127596 924185675
673744485 955413542
342698941 617429935
66441702 722605161
402435895 823072945
127809331 240232543
292639348 489651447
913779591 928548247
621439239 644610096
372945135 527996312
512258203 799122230
771938262 836603990
886927642 941414858
326861872 341127437
679163657 987105817
729110524 956439021
82575423 281527413
962545128 965406556
232103611 325924685
398646840 427253126
962627676 978629008
908618615 949707615
444561272 529223705
212373170 548369271
706486280 927942873
865788483 950548742
235743108 733531212
691247058 736467272
43297991 43520730
323515606 783030819
923672883 969725641
186792286 495674169
15964638 85154489
516347275 834128065
489573863 587410321
772155960 926841188
392848850 819102899
318392800 915004460
26164546 511286117
375465692 949552536
538513242 552102041
969157682 975052917
160680733 713283280
385093576 753910036
260067239 619592355
576855635 884008457
620298035 939816300
797995715 960803287
212338945 426934956
256851310 540025468
750190047 972927138
664250044 837774522
320120541 744085016
244199821 631120153
506569193 628733482
251887571 579437177
343148734 499545590
971566917 981808071
276963138 961253416
618143543 642587802
791495092 999147046
980399206 998447749
767000988 801660146
89717937 393132363
927922607 941114446
815427234 934763789
993687787 997040458
309038444 597460529
589140971 842393338
510546821 711366208
211718891 342537280
526432698 767171348
365372346 648800462
382066073 634499073
915358257 962308898
635576907 959878011
333620752 541283276
135555123 159576915
677193384 831918127
160649977 829673520
3959831 44099133
969834610 978267080
559347736 762252098
6043642 241595112
21953151 794422502
165631103 305651670
791715735 932194493
232085315 997243175
104548670 888466444
837143278 837328218
9526767 593098071
871709156 958146462
195573084 255042340
669538603 777300677
883554009 921367946
603684620 923705338
210833277 728433775
490224417 711526294
718455489 798772619
241914296 866381838
643909533 718754314
760346803 935842640
232692469 384314776
114631473 808185090
855287319 892438483
532943826 949167520
570623725 902993744
783413572 829278910
627163409 770460520
272332964 817661824
177029396 316342795
583815836 849623665
171047577 870749442
745908447 780465159
661082111 996889699
847844415 986995508
154244648 366931302
251184045 886003439
698213202 877395979
3960874 736942164
302945609 738148317
360571622 703931865
252486257 711537865
569239998 866032216
316540421 610950095
639644771 866262281
698449272 966673394
751563717 975062716
667566537 989932025
411564908 865458982
625360067 952261593
896171039 938522722
16551995 157987065
450172089 977087803
625065749 955856826
631345795 916290100
134040011 450380217
708820920 761266967
696826693 703178453
847515554 989564626
409128538 572816791
309412830 345042007
624192070 881446554
270074644 639162269
829781142 888241008
856441535 894993388
405419388 802392817
208288107 928160563
288408044 470771860
792752745 804514174
258721778 577503590
748255619 773802620
612608932 987048182
266728646 646404793
316568190 567251181
360454118 555570340
532525058 545132434
874185559 896570840
755888872 759682418
351123871 980375953
266427233 528388151
177625992 580854536
85591480 115570009
19449128 110884840
948949129 957925021
742990244 854745216
680791690 900839759
181816050 191858643
874462073 957517217
356336773 585006007
914389925 984551748
854639574 934144300
309557703 582829221
411522872 778870828
272065395 499383441
542356957 769616228
792050275 890767256
206973302 918936958
549496782 683957206
468762855 634607156
130394503 610804514
818254865 944845943
725203597 865369975
656928146 986769334
38441530 406307487
763216779 938055102
203135519 864082280
822516936 974241311
985377051 999461417
294955776 562157092
461586475 847643634
328971557 991631777
636999375 951918271
77595324 770963554
686668104 691689412
89514622 993998741
935377573 941964418
915187743 976449522
552439495 685856839
771796815 974073935
774027178 952817104
314296142 427091889
208103161 282539197
805613980 998817243
384890425 787631916
85736532 606133103
888696921 918266538
858247510 873437626
81496646 218085396
827519417 891524245
666617299 920130165
746931583 768005872
175946134 253466101
868107942 993688572
793201490 983754243
99699283 798503535
628485856 669258277
103696803 194258534
181798906 470099132
308926232 879099477
679947398 814658514
938266219 991922812
156624654 311283048
569523143 670000963
585846692 686403930
738636881 767132468
419655454 427822772
80406339 698392501
862113066 982142655
946342979 998885142
630627249 716714954
973235262 982195449
232803836 920352417
15881751 958985804
106556717 259307127
942695654 961248716
795498229 923154342
505415523 926781556
507283005 772667114
935620118 972656036
319062071 880815027
920687723 923199640
675038375 701030612
269859425 414885985
257936206 809488870
652863894 688520887
567575774 875315117
658724189 793348788
173127537 800639069
400453523 817651055
688413194 988513676
589621849 955257880
33414376 680784932
501174920 824046457
977346061 986163850
744187047 916612531
304147590 466903464
358537896 814720454
602724764 786318553
901816741 943962245
618168389 813722784
595787824 957444340
262249769 557763129
809139118 829094111
336488775 665470204
311074001 990546690
400007325 656972016
358856483 445872718
989768915 995799676
829781240 833761724
697904599 933307491
600726972 923853408
816113526 911833581
869494857 999428877
646874900 864324246
781279246 859581241
313731590 804761012
17063044 267490659
952271883 993183180
204750902 269114770
740245447 840538610
552540346 922792974
572347005 585102249
960240602 980241081
948446518 998348770
34137873 216977691
351136372 720327355
292731911 923890038
533011974 561238425
268600779 777773774
312224235 423585566
575568137 986896442
492548456 934241748
329852258 642164670
75474413 672747044
140315713 634806294
70312567 820582489
442914695 598297110
329773762 818561869
515387200 936504376
604934387 717898863
686040489 723337151
937650164 985016306
96808006 172682691
592000813 839521877
766229926 914908225
544501285 900699728
907325855 986025244
835888325 995736709
732811723 888545524
166469973 863059770
810191917 944131744
715415337 817855820
569014466 873650611
95653752 224568865
344671119 513685479
985942161 994650441
466315 313064026
228197222 999486001
773807104 974648964
209506887 621901824
234193207 808692760
950192908 988731041
764286573 989106159
831751783 882159414
568611126 767907365
967838936 986998695
598363812 871235780
433471046 447088031
566798396 826870048
65532616 635383874
964135801 967917944
233211565 465162680
418366944 466378371
900780968 929632143
865783383 975889407
660787941 815747793
664116409 804084305
994527660 996054499
524276670 581447833
22803640 781433393
301490267 637785082
290126901 514591028
201163585 528278140
216292475 387157687
477717240 924138300
729478343 934985942
229635987 930924037
535981985 561286579
901331455 938973431
971935805 979239920
418135023 788124744
927539753 991051329
296769315 515427043
450166918 791489090
266876155 573427488
590563732 858679819
583882253 842493671
726745913 866645402
366605227 453327767
55501879 151856768
251661864 467960974
669120380 966119855
231550641 247426958
952737291 980099038
290338573 902313996
499110055 514239621
486447031 524856307
997526817 999575820
700640933 814312726
361025100 871764847
819439246 832495725
825258562 873822124
916039677 968727570
192198350 739655155
59809676 921160115
495879128 545953746
467455780 708066540
506462757 663106123
182432382 303367964
917301766 990525426
705570484 779124618
85432372 432317571
141869289 533394901
214073576 308929804
140776153 397809439
384537661 710571484
203636987 843819054
891968500 903381107
294834901 662260762
467564576 668518877
912032972 951901165
311116958 946002947
23656703 309707680
172972090 918004073
481350270 594115736
277267173 679736225
279131279 955753871
517886484 914296755
953792954 973435048
652931491 905325264
677709280 831035040
145722028 384771726
27829284 935261306
316115655 637964052
296851023 364959829
695857925 859359556
193744398 219210551
468096091 774395262
782546885 788292251
997433673 997718889
195795602 833836434
573708145 582605394
766595076 877744268
863985061 893601803
101693073 163769235
128935689 520672728
267128425 304082708
605182249 842062350
528834271 856374504
758904769 991513823
299769528 869648380
156759087 528260364
967266131 977878425
932548412 945250012
340719943 898645832
992480328 993208351
825466608 984417236
323529046 630851464
180545023 321338129
239500446 997458152
784150451 921996298
734436467 751133624
824587579 975448150
877664112 880493705
529588774 673644436
263529921 791230857
587022614 921640742
7947173 994914966
610667142 820444413
439636728 619472506
602117772 691021191
734195070 873642647
114787610 746760420
63600357 136232085
481468 992923110
929883755 942772453
980849587 996599061
662723489 838100437
296808057 624777975
194338499 575893926
15208991 854909946
888088361 920565209
925188512 967101095
836165861 938000296
817528872 821613243
894870873 981936622
544033931 664394889
901298237 984930237
769248159 907989937
382951141 396780536
789649777 917316048
958903427 984961628
399429399 604041102
556874571 804843351
100340626 307141183
420430460 868752839
537559401 667305503
305750505 806409410
89787368 932546187
319498642 565323821
971852491 978929076
970585146 985148345
769510404 800728495
989356492 992452283
202962139 701507210
947523657 983538369
954169388 995961222
771097892 869777152
501338812 897151407
651768437 972018259
449084198 921031761
650371655 651199082
939592252 979570864
604599377 759547063
460809111 567102105
462814448 580182625
785016039 894956772
651253014 974314959
412062664 506261999
345841943 522894596
314165110 753296778
931112042 974003964
909727818 952419083
770975497 775185004
446982402 855158160
795523428 821545439
923192191 977554549
240282402 908432791
291190200 584433337
744557379 782420615
216887695 796783482
4878217 970250090
653243964 978641660
655860582 848437431
17065515 616514442
457628728 934834177
588744486 858965350
38572220 960267306
506040654 614796801
129247828 696457589
607680431 652803585
384560351 396069957
79720954 827951274
75183818 784309993
657225551 801835719
468615968 569669335
267613233 379556722
905124307 960599034
832314261 955809432
25369120 934366035
148351257 754103976
125448472 381478155
718075992 814244231
227403824 876439880
21237075 46660950
439534099 818442409
16899082 951962697
275223421 951191865
505645 251213497
885841467 946828197
399610273 894956438
17978066 887074235
182775305 744486297
401628753 752094811
524137835 879279305
80553216 257434062
248855923 292638147
920328997 956797896
590512793 916615195
975580932 990486818
184916693 580765598
274680252 546151476
935666883 978117920
70730439 728435372
212641556 889804568
856771920 882596479
5454138 327658761
717202357 830222644
722439178 767821217
7890580 944042806
716471771 793404332
80996288 358128693
597555961 952328587
170070415 732338480
977851935 997710623
67680632 875739254
177308156 687213469
854630485 914184208
195606466 508422258
234618100 728034234
78329798 483480899
368301510 734429856
450095878 507371804
604104827 948654259
774041797 905965336
561623312 889002553
425691357 512681847
797869651 979631810
723957805 771379426
838677395 946707607
696942634 869864104
745851274 844356838
465958151 988055932
276136701 471404639
705656077 766862715
739924132 949523019
603786135 931700030
82916235 393706898
792085261 952628920
523736548 979914461
79639485 323403370
442734210 854652251
303455640 869879801
140616472 977491155
878642042 911665285
559440091 581833025
180610264 938258653
556794916 728529670
95380187 380041523
71507443 820685825
402917570 478195278
402422969 621594912
582753732 679375576
741244159 846420389
893204355 927628280
299417793 303374577
861831381 977494569
16551748 569930932
681564288 802997389
238507995 899509197
398960812 561003206
312863408 990422757
263217226 652823203
951379789 986357233
869858073 937591717
766696632 812193802
99119714 901965190
286510879 395736625
501696556 611116939
455754040 847667289
406087482 523874086
347256134 884680089
563812225 616341925
61983152 973653273
306371343 919509516
148312175 865692144
404383285 458883698
264884386 438520217
830684935 887106298
47127094 605294801
246630076 858139758
429045391 513416010
60387220 545093151
589088311 600594963
270541572 559064502
5368383 457204745
275820438 690276565
589473460 734810862
111974469 405328162
319907191 918964782
538402237 598800861
183998399 371609989
499621557 836324834
484685888 819914342
600660921 696428381
431134770 729886619
153612284 318192212
17759465 268778052
439259884 463593753
846456194 880991898
425030917 601493387
919321398 939993491
246890426 821526196
161733623 233358498
931619214 990324113
31334655 85864480
661565172 679372872
33856928 284108806
952967546 957477527
473403897 679631661
813682437 843926544
346746761 627619505
265246801 612012326
371328220 463508282
939064255 940129508
163955860 191319214
403447025 823620985
703705274 741388322
328181406 491110912
736129562 922051039
723358691 728631016
69422516 389900020
362990395 529859622
652893851 837516021
994877585 995783106
556997127 887174423
95087472 629702429
834781406 967168724
633659467 730685235
289863128 455077446
626386408 840157608
796051116 905534177
341470331 853156046
118129346 953439465
970122591 979446432
340934648 709858805
331814765 493662780
925209757 967281060
804802507 988429648
53338246 947614173
271296905 373510335
967546805 983699100
85784377 480578857
410912495 920482347
812656659 816684829
534494768 869481517
697170034 924672996
773749872 794749334
435181775 444696697
802264439 920877332
672002326 925207331
438846428 597149694
581429562 737708313
300094766 567305964
19401432 621039485
733687654 806456958
315900584 424263126
612359693 625277298
231599693 656047005
980600314 987190382
662147374 990989761
353217733 957523693
359236405 716486369
358334776 385310317
455938979 678127727
43905804 358853352
901241245 931012410
41088189 457624842
977136184 993477103
92507286 591298037
507422192 916236634
92372679 253553532
751686592 893698982
571190225 671821881
986394238 995391935
642018113 989019434
720078344 871059928
825916909 856027621
746459664 967176251
132647942 772437523
848409663 851656490
437965750 935367337
48525289 306484949
785387629 882886153
509384052 731393311
630324951 864308649
360623428 646087424
542207825 860725831
108474457 820447090
440838953 976935511
858115276 975829897
918831722 951200049
21633580 115355212
293027026 770617596
498242358 763775225
234200967 481893938
621043413 971680968
703389924 871812261
118427763 422924923
122188433 858014774
775884712 913072049
321261284 705583957
105412823 863154050
380980540 533941092
887696323 917954298
942900870 967358622
693587806 742329165
290695281 681737633
870076991 935177442
633935516 779560529
366010279 452202664
552672624 636148692
695459409 949453092
590624273 794674863
269633662 768776727
312530507 710608337
591455868 971846610
713403356 725356421
662297849 792914070
613795174 667322127
588399144 856022054
42273455 430693671
437476381 459887341
898698990 919048523
281586359 675921954
154751259 346016353
25781799 195087945
279533820 595678942
381701608 712054656
809774763 814383975
445361933 741961999
575418235 718107317
528446043 863449513
996693715 996816964
163992852 769670419
693203135 850536078
256122548 716196972
74554406 252229289
253913678 746083986
723901141 852072580
903338694 958956679
30619609 260265714
296473528 369145227
844161096 895232381
198497950 299950024
3400289 513988198
513738794 559271535
317675521 487190378
524186020 856367682
703053555 831541716
158388836 256838763
672053353 941180927
60830653 791281492
123426594 222510244
656896899 909990040
11393776 560287312
339880302 553619835
996920195 998715614
359749497 646416251
688447893 868310360
242580796 957982990
77399199 198008022
140399166 772233522
626240625 714295370
982156318 998611507
42780792 663170942
141194478 269493261
875266553 883571247
740213323 928169637
666977808 788744992
179089342 370846858
15817836 340663903
323717102 521049692
101147749 334984700
29357173 863198671
625428771 729446756
365205166 365926023
304761651 849619304
717661855 738734749
661268740 973237159
726024027 982915900
576001538 960203396
782859942 818106032
532325207 742482007
93446009 670670867
868659240 876653929
877036819 878859342
913545341 996204205
223077566 726691385
344419652 775811236
171685517 681566312
914713199 955105691
273838044 498588948
494762942 921599175
307924116 324524312
452208203 457797435
164617944 628356157
976464102 993322707
473596860 687755015
233797489 764016226
549621134 780794369
792059638 873268873
740702278 876766313
519100379 859174262
229083710 720696217
148271368 236433602
85718975 304981441
637955502 778932561
956840387 999585938
345289432 978052772
935139543 977336025
43765919 524776327
81559611 587365231
18101737 256664957
771521560 867816294
455253514 745547531
41569730 43654195
793617966 799183662
647561312 851472417
16867267 86987901
958331767 958570886
727262451 730324838
933914785 998950904
13871259 168598516
512355508 909034466
565785252 857800839
659435296 673217985
219703764 758427248
802078046 988207251
944263119 972367845
110021866 948739896
850531180 942718142
545581013 746093021
88323209 183864202
104240834 672421035
152243697 285129059
547297657 564405349
921068412 966073072
147644372 585528757
535959158 659069800
599011676 715524419
473345972 806337864
907976486 922780510
752510371 772416424
194710389 231264878
318212057 771326622
271597988 413403830
564196135 800663350
745869154 888243965
796976185 817763854
991376469 998344786
500933465 520072798
529854685 832636940
54819413 533749821
213293692 656812843
427563988 844464087
226727351 501606026
494817950 735250807
441504974 476839863
809512667 857316778
643166752 652983573
750430196 845054469
892019351 948857492
201981882 712758388
619160891 996504622
129208738 622602008
524015546 863352576
744321806 851937769
907483581 941075932
46893052 151274934
496611066 600122448
495893186 827182980
795420131 843931399
843027459 929379579
729141055 962737791
298568866 694331416
644955914 878235511
481798117 810877222
851827299 952691267
519217088 842743127
72483994 464953455
212237098 748052120
238923076 929053678
549000301 748207109
556150224 639402697
941979767 975596115
351971571 938608788
586902802 980517812
410870302 763345823
226459785 476237652
603087482 637936382
94667223 888246670
521646366 875477761
910088145 914727874
696175609 930509687
816525478 828043729
966939822 992397348
172171859 652442683
630680964 693491890
908898291 964798573
431693594 814012233
391309358 725717950
291530564 933162867
249739396 418921756
788271037 859604307
319557277 701847364
646994741 701685919
848088826 997211333
815924810 983952310
946838381 978745848
615928279 961990048
5082276 534994539
684792635 787897488
935587588 968421541
752360770 864692103
140741640 173343749
359445551 957318239
21336526 257438394
641731597 837648421
935388111 954240509
575999817 972431459
786777113 949401457
811512191 965331453
290554572 849743944
77734917 120822835
440329404 452478420
826243189 834307468
979906045 999496672
493471591 689018512
812833536 997217241
7996909 406918687
906509151 985401438
183222414 670105636
523951796 627004608
862531444 868046143
342693681 460014394
490149388 773154053
313480975 349171101
573489301 932619192
647455951 785535542
809468031 880589090
417499111 974334006
919809121 941007697
562506091 771301905
345358772 811773710
240788483 936687962
197173690 319832335
747371262 949318921
847398435 963765501
160572582 203935551
446459764 514716445
873345006 976079322
245399046 601979006
460752031 788365440
347461755 820165777
66052577 202060364
749658604 825150329
881206406 921779417
894448692 962723592
772999988 924539635
165838520 596671304
709554095 783749681
214463361 241110315
46119972 884394829
518992265 822364561
923856800 997982287
714445330 850975988
974320881 992169809
313471111 987313246
371959741 923521048
801332086 899097567
983033028 983644428
662429790 955610007
217977266 552278902
169721092 997373100
422055643 812276402
884638496 935397215
659582084 692986365
726095774 801817781
10866139 282321133
528852260 830606289
324021515 492269867
559409346 961380406
596254009 732997818
925950265 970288618
415232466 650238518
736406824 873580985
375115023 759049683
931295232 947425045
728193750 906115083
27212263 129045208
657656973 765474101
846970250 865064403
942787895 973716836
449096378 468218278
690938310 841252893
593199399 985842776
891622793 945473553
556239783 747011574
408241072 501040570
55661244 894616054
582853769 893789266
476649674 774460457
861111366 945612372
166481194 692146192
147754037 377807889
382872440 483880067
929626862 976315107
648344560 933666316
397265125 950092823
215801996 591801782
611776711 769454331
930344452 989433902
484156866 818630974
753167607 968390353
884418991 902517409
266238629 806635800
637752239 670077347
416583311 506683138
782815304 838311398
676259496 736768269
315335917 887540935
639809508 706284334
282603052 889595856
360078715 416360556
148449384 993122912
340703825 968884423
972418870 987854277
928810241 995635892
170600918 883979172
559226958 876784660
270143476 830731421
743646524 746157925
935863289 992759382
240248274 863523651
973897299 991336077
502434727 929083481
486565375 528729309
109444869 554631461
50624372 127698312
840806292 911183472
580591092 797045024
496125471 840148696
252752446 589784425
555236975 657010767
731443232 788340025
144346964 419563318
436573545 994702374
541685047 801608345
615138649 926170620
264282049 317789895
792344170 952083074
335507844 962809930
855200102 959038099
722460135 924050122
979840104 995537323
11603239 212917748
792868972 890238932
964933122 995824687
706041111 952128328
293628670 664347370
138445522 796464776
866153654 992613894
819000889 944390538
911486234 992434587
921366837 984539309
373397339 537526974
881802117 993806119
22883299 566386475
654480627 759270941
231205489 330512736
292584152 747121758
83126343 85989209
513545053 565837313
155236980 813265550
496806552 733272365
728600054 951596928
784951221 836746858
14968021 704808137
388553521 861268329
150764706 629194188
743722296 752854019
755492714 816952269
189996840 515058586
973140103 987618174
6027634 715582908
300241434 925029716
909840155 910315098
941714425 985374304
151962748 478417667
35117231 235222106
41279764 841948859
422656151 917359105
356236910 700508672
254194473 307473766
500978270 539332773
5873548 896040595
569098267 835049239
341926664 866704422
235806709 691308430
807686791 993517183
302282447 726631642
535244157 583892869
267851486 786579108
879599307 939942758
55689621 764817037
733327098 969086906
370736815 508483936
660461560 912565914
714136282 785010521
494405812 716888721
724635588 727896091
254293778 309544189
881579947 905289644
134845048 910036978
139227717 176078906
811718684 922964397
740757590 794012637
84028789 588313747
279466268 742104545
472768796 908493767
464119293 914154957
863304890 939084121
400277799 507657587
605737357 721988599
683662794 698873415
739456677 751478867
624687789 774474274
691208404 793037036
178021195 953203437
91152489 935790422
541263215 870810064
479468564 655773011
769410093 848930796
636298250 662274442
752651487 797128085
671912657 875582194
942360213 968068834
317651676 424659487
236736452 842502360
682806006 951405559
499849373 952108901
32975661 672273835
439760311 456415334
274771123 930585779
603565104 927914319
185367213 284489380
36200691 602255371
775151816 907075627
103672529 577857759
123294157 345199314
713550532 829387383
690789788 793505005
212379358 323263394
485755611 872636645
906046431 973770571
928030843 944969934
650759568 983193890
227846599 852927314
483737145 634397882
712322554 771231221
72610025 692502279
427134835 950597994
522076192 842375021
736272533 852313058
471391569 586568146
579320374 803537003
81178857 878629048
798168402 919319944
571243250 820694546
796226805 829636863
861385561 950089500
225944032 579883102
671555370 706065384
574376013 626225261
515708611 853540983
839540586 857896098
438668685 788555650
471600151 688532477
801502471 952120537
346354863 570707113
878097897 966028098
425301518 731037289
730188635 837415123
228872070 868829770
62612520 342271454
249420667 953744255
717888783 924541020
414556138 581792223
347251404 858798911
900787169 968640048
628163598 665112675
802847876 948897171
677358122 831641309
719888796 938287348
206339686 960578623
919159316 994736292
312497601 744614014
145556107 831824758
210018939 853375445
425552953 627237007
470572374 743662152
421421176 753540014
578714488 994983792
565998334 943052603
204757833 306559546
544912067 940736877
310313820 949275896
168237697 821876447
941015208 970165839
592913750 860797533
90986455 138097935
900986988 922705683
192227293 638999175
829408528 853618293
78535742 895845679
804467572 930342588
32439304 879891619
55390601 742286938
378844341 676633766
795405615 953192004
305552043 471214747
490244895 844286701
324832119 764928435
521524732 965218516
330332498 775762858
86015624 197340522
631746599 701519125
557088284 621670487
894959049 897179752
913849112 960207364
750479814 918970976
533214143 645184715
199573336 940257204
92004346 764303932
223820496 623270807
952583289 962891924
660352438 748446503
597626850 666352286
979870903 990054595
400714655 566329685
137822135 342889970
247573390 416125726
335886337 770679349
83551986 988357935
73456554 680035507
475414710 965104923
551479874 788843709
92401138 507107431
548720187 699059664
483589395 873664469
887996337 980278440
193176187 332230569
525701921 735631817
710971998 748688555
262668155 459089469
615105901 616397258
19917792 62760128
382170664 793537905
535003086 796871818
625908079 988303791
605518740 614337211
292175644 754113190
611830913 657387079
743590419 916466496
463987336 551147353
239761324 941787166
494968897 561452646
871336300 911300904
824829680 991182056
366032018 611492961
394797093 953382128
48955114 521536476
248648375 719582645
419211411 895685379
971936501 999427555
645115282 758940184
313131694 468951366
773389584 998681248
405798882 825391887
308906602 715479655
135974248 916677002
420683558 653850806
459360000 750237996
358651636 842518078
635476492 972678993
5747475 371163495
616504086 942066287
246725907 675936326
334261597 418517074
843238145 851777209
766189060 832120576
742362571 778220683
909653692 999357624
969886075 976620525
756909626 933699629
778987934 966653580
732880490 847224449
724691624 943833648
21791415 291044788
894423102 950498382
665793497 982893092
282716477 703187623
70006661 982112774
978473067 999680785
521767656 845395970
445917184 692178990
448554007 904907318
463693368 872547829
643870181 685088453
241362935 321808125
574255815 892450036
248907189 550851579
225373677 382947054
914304070 996986392
110169632 415897899
906262658 955389703
817266910 978240971
525674896 784681464
242832740 427909489
939134215 990815548
743384415 943341754
350669867 356312937
636924122 840633212
684836035 813271725
390013300 475183141
829099388 879176195
11493246 21558945
450678027 834079772
680772127 685450177
655344078 766538167
31434220 847645449
909741712 992505236
37303033 59903306
941989935 991604351
233479679 403159773
178242064 214515937
106592546 559264479
622862038 962775183
422283832 459247384
790654924 987846011
246778720 618585172
706159802 816865819
419710691 546732695
763314505 957519196
537345633 721368788
591829758 844933666
800808620 888709093
489544810 490991225
380399664 815338573
484308740 765903678
973719957 984945824
924522913 957295228
899188410 979010953
78389573 265585548
161125651 420687637
619695887 792835105
282881902 340890680
525349939 618586109
594360258 839959461
336503800 839682316
977909321 988861330
396032225 993712377
675663741 715692817
101264143 680282230
518975572 942397997
899616267 944543298
360867241 777601669
581990428 853811281
517208250 887366400
581622619 782965805
50939061 633788409
57443972 666155038
114600033 866847987
128037856 980929624
