5000
81594175 695600502
673298550 915812720
216596232 411458364
959612361 967500232
488215442 725435137
594237725 845112373
667657076 932015857
656108265 788051977
6742838 201714714
695468538 946982819
640715861 946790655
421574211 741389438
57298052 754230982
66679511 998267262
852176557 954332965
601081294 789585446
62197488 720577649
372772227 516199264
805799757 963300663
379245458 870054264
856353879 967309628
552260037 860450825
928870067 992920182
220289654 996039651
724474682 881138791
892587271 980438666
508665881 687243497
995815412 996897884
322215390 652043640
379919191 764740975
403059579 597501078
521169332 793657687
617234688 870825435
700159310 806853742
25035114 369093742
100429305 285168692
573516213 678396964
863540069 957567246
260796819 720441502
44253998 896462504
561791158 629340567
757626381 796273623
86478764 876248244
919036709 950126031
859840942 919963199
753105071 774068576
613603530 665848568
240510676 865820663
214576581 766624995
561347721 839358132
211696483 450240476
503846053 998731532
279077210 782700940
124285771 594502966
670765350 888238210
782830202 818749364
297953843 777881853
364823686 961444626
125364820 797729992
364170729 855506969
992833391 996953125
265165667 730288396
564971792 691223616
143248720 390030166
48975429 957373422
248892697 717034709
40590437 186379010
816955588 922247880
57541899 124990929
459823976 783248335
573683987 792509554
904012831 975504152
57337641 788413911
412777611 938548027
819332050 862902547
958094506 970995831
926003970 938810333
399508193 544168769
389494541 769172844
977287708 981598104
546803837 669314335
41223182 605415745
89453885 547035346
626180498 735972857
3885751 947024583
788181299 788892862
613189428 856070684
156314054 253034677
330944061 516408290
478256436 541340987
408437321 506454214
471909718 489746601
800204113 915531530
435256569 638338444
196607155 834381441
198633217 625459237
463403268 820354733
918102749 991728797
718496344 944545206
707011353 915754142
925795189 975206091
409889726 669182795
760172940 836357197
199619896 796158258
579888727 907987694
994616693 996693998
535468001 850107751
664844889 835825541
923859677 967499296
609284047 771082524
221158478 721246466
165180906 685906648
156888035 524995810
940495957 944818629
550067447 585999809
507715544 732973644
471019234 902284831
490506318 513961273
588746082 626856966
251830681 416232033
102078608 363807314
608901365 821238851
34642883 633424931
481765617 720372693
84416613 490601101
333028237 632745316
950603704 971193077
10752767 363815249
754168775 756647643
53119229 763953424
718367123 850319400
104036032 885689095
765402332 906207875
962629504 965259151
228331525 699186616
324899400 901222404
842543131 962254429
780132002 944176593
47339754 72832807
581880484 811578164
148464939 879482145
289756560 376390923
974219168 984005358
458958250 884302156
865651059 904477112
918449298 941144941
631289913 724131059
351093823 992896352
353962896 945831360
389722862 719206589
946477696 957152439
345358865 805374725
375462819 703341808
78954352 682944495
8926262 134468076
859540071 988679472
869158927 891235294
712012630 784574448
877530847 880258901
632410892 683971655
606208132 724152269
53169283 254047599
371511925 404245964
842267217 959697138
597759937 658339100
756336933 955175986
520268937 597400752
839373559 948932528
643616238 925218653
69011871 154668518
689005144 690449437
539324267 851525516
117083705 758243747
520196180 520222177
193979708 472406340
958077081 980811988
408777367 475522157
499553471 993036801
189269411 372608365
48090462 570372295
212210870 634524033
550134095 560833586
514499874 565338682
443942413 624575228
891475492 904718928
301901542 695821967
337523411 515637676
33709024 161874196
477595289 477720230
656188869 721980530
79802440 808224259
111927050 696770561
820773811 839654854
120930191 913225735
655513133 767989936
420140545 589032613
17061272 366787797
734893277 823415159
481606640 720450914
150332303 915750197
442345171 499275151
58835851 242184961
421310491 657832177
528377758 596881313
918986259 975452248
929606593 998008544
282590832 888510967
655781109 984884964
323289287 712445391
771510145 981504294
943114706 978701729
379469824 804708507
987111160 991753622
315127513 652155582
961034355 981117863
48193803 777242095
17403748 352761716
432425300 524367291
663805048 766898997
500730966 966248356
137921707 204732880
880882082 892752860
672829045 693839619
972201159 979031297
947332433 974853344
584306745 728728735
782012600 826427504
568080101 791523105
195318239 420202872
386803673 967403148
851941075 867524374
524504969 665616450
897082822 993194395
698454465 888099068
80221717 272648564
23558694 593842476
103368909 408506110
952621409 989948546
821032706 823095140
537123054 726737053
672424847 879269982
768899974 884082732
951292062 994255124
951781411 995309590
636825280 680935022
634462772 659371019
105851289 606460544
631699122 782962666
52812508 648058914
74441660 662413884
250777431 354653037
651310815 834702445
72576239 571341515
801120174 946428726
459694541 496034107
832835369 995502927
434140715 781988689
412149143 451022893
321726882 730847807
359239361 689495659
783749033 812902437
754290339 863397915
245702699 421306362
244963271 595931189
936207601 998343206
308533268 569042295
363864275 813842185
115066750 352655238
303687082 695901354
51171158 114157314
381808235 691615816
814813302 891956538
874968034 937494803
672575868 683805572
298514956 790828799
921581482 986824607
873486215 970468837
116653201 536669187
953299946 961085507
358169658 656922914
183174355 969804129
971799184 995360897
199308781 678134848
152884169 250118801
216405853 454772054
295836017 315162574
451590307 712685535
814586152 932583022
871909867 934728722
570108404 597223292
968152561 995555902
916761413 966001204
670237328 691996000
879545213 919887826
195171299 553121561
422246978 506793696
998224776 999420698
573335968 948185093
180250303 779535933
394035141 490998461
712180892 822141780
599021595 740291054
53175068 787115634
591149245 786068339
903522362 905127979
168743053 719553788
422218409 824884908
620188545 927175018
489027835 996859747
449767932 768991466
965507117 985905147
690617386 808489972
871482008 877841827
601931661 983495006
86134642 876137010
260192893 402227409
494533292 905249008
118433778 877309126
541629019 667800872
359282221 876873043
803608975 839750215
57907861 486899955
665867090 984757253
796556572 904467233
231631776 730960289
230622702 236593816
28557270 776854311
439320962 945780459
502739672 973210612
798725074 995620756
543972864 967029181
609556776 867701257
629911294 673931180
979895525 981890143
195705380 921290768
820076412 981649863
555846464 646527237
754518518 847184307
618805188 809851628
265753672 490863206
952869758 975607365
453721907 604791467
91902709 486909566
315816974 362613420
987447812 988135144
941757137 969640575
780751847 788345149
756783960 831825711
353766002 928759161
52165974 612748774
639255339 973917561
510038738 678136845
99535304 500515757
345997159 688033659
803521668 981052171
974006772 983323598
499876837 721197029
126458136 166201879
896288824 911345405
665770554 962568315
389684409 861860806
866143532 867740206
436145723 633489916
44753523 760636261
701498773 847357568
711340099 715215656
919918469 970233826
721766899 861208254
878477410 939409973
972894261 989261344
382581060 830828317
857184119 920512194
926040304 999915628
60430566 545640710
574210564 995910737
280497744 873713610
193311039 363040960
56199035 710533067
300513731 750258820
369999584 522131598
956796171 977963702
273489075 812643727
369251382 524887138
494444634 554757949
264108441 452624014
466000987 641746490
717643375 756969139
315682845 366022139
400089937 841685773
823760259 905610322
466951999 916494064
273860075 633351779
274968382 953688361
62691065 737822685
571678907 673983601
112229095 607040948
482620508 654445712
745100418 833910596
639869329 904341900
303574214 473062583
88064199 760294150
301730840 352568232
947169321 987118721
419134236 480699970
753965325 808511091
569846579 714405262
19516923 415599594
823909014 988960000
691424610 812358744
285639689 478310864
161243344 765191134
216194512 324445070
178721480 347203163
199370170 805871145
694474568 832435143
46535115 512938304
354912444 757539238
218272803 616291428
998908639 999427235
136091341 887001163
497613877 606481636
502360205 856629493
762204246 860633518
867320109 951455965
441067388 649197100
13560685 102985461
981530968 994436254
279698257 474212831
23264508 912268093
170574729 231312482
126229216 422214063
806263531 840598311
49928577 680446272
555441432 879018467
315149968 410468606
199756420 357846503
953169458 982850026
950991394 968063406
30152499 796366527
310823064 955780805
481150473 997909325
591059362 999269980
543817591 744827547
773576449 977116771
334103175 449510769
33220777 920598858
419095684 748962835
900144928 913004987
721939548 892626490
31436960 277954109
773890502 864685452
226369697 557146219
974165931 977130659
666838253 803062222
658658589 893954429
981864110 985216663
39727321 967993512
101909614 154572382
349174104 370459639
789736493 880462500
677799793 982554010
730675815 784613269
286912632 765358123
26473353 974836989
338758181 778493849
311713320 652379449
322483541 853122733
716478102 996679026
731442516 922156882
818000984 850426572
65379252 130172448
266213658 771416615
39898346 833650430
76100415 828089159
916121462 924705505
719120418 741861429
586459557 790253263
77201393 440667801
583801846 585569100
416551723 774742628
452426812 803103268
421730729 901748353
172006252 483207749
1878400 438249922
246927662 391940876
986803980 995537394
90547489 695372936
884726219 987319005
981671159 991203017
422913175 956794766
183464118 187293865
302992817 909861353
489737915 531255244
576376149 967586854
63440397 611140167
267387871 765250852
153362020 751690379
793429526 947102837
933325526 958343603
918531547 919556736
978461338 979540484
835644267 953082101
55516336 792601244
511691099 652144039
714958379 839340299
856443043 918290452
756567368 958220273
737862574 832396411
642485393 750517532
53009582 137050551
153150074 440937376
91896923 593851244
305251532 413363756
306667793 497146382
472607445 831153370
975807314 984317073
957104576 999953022
328529783 426113481
323469481 827632351
631918348 880501122
209932512 908221982
839175148 840274921
406072724 669685898
720290184 985140418
729444276 775887747
895784875 982230229
173230213 963297519
912571359 983672881
246382019 965060907
940023197 964145050
156091965 575438136
356156536 571706078
429381977 531614090
702447482 968880001
657953364 736052057
726048673 789430562
60979365 449268682
159880567 502720876
240690903 262115926
816183733 840962680
855316124 954438525
782899540 856198505
412808905 583960233
956506251 984113748
168910592 390677390
786970097 834757360
458662488 756614701
737938848 970954233
746541664 769090508
707350030 930017743
427715864 639158058
998040255 998304053
379193549 546923109
528691491 849875424
684159338 743820021
30376474 862471005
756991760 870914269
166588981 197296530
136829894 665465350
871726341 941413669
528474599 689545285
693454392 855930030
239322215 883454724
714443663 920290176
159239168 720068753
8084466 439578164
851118089 930291457
173667790 446574645
668159319 876237400
86719155 973596012
668927805 850743029
629941375 925769704
72837945 427926647
687559633 891483317
280596415 773392141
584255922 629535424
869220308 981410161
244445022 571550401
423688663 860753177
213741859 758187233
979512387 989557812
562329445 844792224
278974685 877314157
571856089 594271151
612871140 718925203
343674990 996526781
235091302 655679769
182413271 961583103
967983103 971752433
806213563 830462163
100152862 543449727
441358709 611824600
883314066 960224661
18345921 750945467
594030273 786684938
134105253 762742848
352605251 686610272
417734594 534375882
134774165 320637487
700213637 820203277
842242365 996141564
119942446 690682250
340855627 569219045
740160949 988793490
34429613 844866481
182413275 789637280
789740311 998711718
823316929 994333936
213092983 524655993
463503026 563312343
205351173 837675875
308167526 663822545
744741833 762506564
375688013 532928739
178585603 711036478
403261835 734754777
398226501 789507290
778761954 937952832
563981170 961494596
216255656 806403569
314195977 676131295
201371861 423339117
887136650 999545600
206976321 774160601
228597225 846219696
280445718 976541813
204911976 924800780
387201605 717649885
697277495 981337702
905559918 929966185
806972702 997613553
312819741 730147427
275128697 365671430
28418375 519938881
824256722 882336395
226212247 961849516
586130753 921711580
103976351 308057173
702421470 728596060
295465773 507543142
216403835 718109654
258070454 555860139
187027798 552429886
457227247 522088389
952230459 984375554
546561068 560966022
235106239 777132644
553670300 723097765
800813401 868559396
523120103 573623152
240213400 442687330
907912297 962494883
293801132 711413326
175048849 888356197
624882416 729194627
639532575 726486152
595865580 852208225
130906576 875970472
610109897 771162204
895999134 972218562
520206730 567281226
849298373 961958218
414677311 774116031
595993454 817406554
631767294 666588549
116744849 191326420
336857299 382740062
463682358 804638333
895218081 987206036
801293173 867222104
595805826 803420967
838222642 995718961
666532979 990077055
455109013 696262081
404155425 723780654
641996214 804906350
97576240 387977189
769853483 993719255
768456847 940523939
570907138 969012934
172788756 570283960
364593453 814054797
980792272 984806573
63336396 602044512
163524180 680330631
247259632 943067181
979954237 995912783
330704832 545166304
816788778 973083224
818630010 872403507
340032400 663873580
49062865 719671801
429177823 583559633
249187521 849399621
898465136 918029059
544067094 829921858
16477576 474081162
330553690 753149571
810766744 977366717
403221430 594090771
12170131 861223975
8023083 193292688
660170885 877415867
699002651 916264684
131743226 218008177
704676311 926563810
684217263 857884169
1312687 877955644
480487218 499985598
109970764 227994765
206124146 627773528
471590579 471790921
161190543 807403262
828584571 885284660
605322465 654986571
710598232 786817097
100517012 234790126
216659554 622009233
615936760 714710378
731807677 881858245
278645515 982018209
144411985 531177307
955975498 966594997
750242575 817101536
660351212 894668676
96084439 954943611
813462260 873599524
755058700 996587873
804355781 823830581
597030065 954142818
999021137 999448607
35548479 418422978
620313600 773604013
261745155 899442736
686989327 727648592
510894089 770540107
850100644 971060200
371821436 762180104
5132614 998895883
369805138 869390349
701155110 983250354
992328838 994035994
968444254 970573010
216748876 360274654
704845458 732987721
337021115 341644100
373465986 529983843
42091404 790377718
45947224 176076044
818853343 937924509
410526430 833823016
834712935 941349504
495346294 698535148
706205799 870394003
81134941 150202825
307442179 585130140
298650198 854539150
173802106 549969094
519913241 742520713
373852037 412771246
673649507 950092858
815424135 833774453
966580207 995486180
488811301 839203146
686900809 746214438
57918555 933006593
477889396 672205563
770240385 912922785
134190242 311317615
436458624 441408677
695607213 793364920
152052394 327062210
420791742 487035478
458011483 634216413
268944744 854900642
679484322 956116582
307607502 490528989
335433417 597569947
564073335 777559380
421340721 791344602
440033495 551436994
666953513 784723563
711334035 963826627
178920601 398367106
94776214 675725283
733754410 839075939
707982616 745493692
51747434 112422504
102013733 141068772
512536202 598562438
710252546 941287294
187828534 631447090
305362046 672935534
129453663 156415339
654289629 795138475
257239808 746545980
26878791 417075245
755357228 775296081
640680369 708586805
171315718 679208302
768111373 929287324
175374886 348548647
135816352 325838346
125816801 221035363
982786152 985243037
256226846 542582828
684251708 925558253
126090299 978383469
653287783 711492746
89643536 326819863
82167482 760469096
709875680 782253113
90427000 227700829
77302058 230953957
807786001 985741607
220912824 538330086
29985207 271260091
374407056 796231083
271514892 880964105
790605984 999576383
411513005 946328885
666689640 705691101
628090394 719473599
416140050 925595970
254893755 326413899
679585584 743680281
588248289 891781759
271314135 601105113
432410312 857044519
611916772 670155465
254372088 742751713
475569819 758886874
231812592 550770489
967568856 979880412
75872935 557794077
751835661 981896423
52801799 565350222
997161323 997772579
571637630 931759186
128300164 465600733
24422178 736824124
460042880 526128123
661208 569928280
411265388 506225719
764328367 801733231
55211910 419253233
19667482 740259428
409125622 741106641
470733597 747668442
684078324 810437803
50969853 392669591
797076198 860222418
633096906 709908588
927647853 965768334
375775893 512930963
858241676 954799048
106317859 723333631
490133639 501899312
41407600 126631988
586034270 712192668
751352225 752828282
734574316 747315779
58181571 398343741
305835458 784001868
422429936 554583703
502771538 739694072
808030528 903562264
901326626 996524123
756283256 799533864
402068210 575204196
430700975 960520477
464043382 955314014
507106146 796380064
425880100 825501406
736863391 906810010
331164378 973544290
959917989 987043450
247680092 333684583
449254401 520879433
342402241 667729685
321986776 400320143
205654169 832544199
944201404 989109619
807359090 928573329
828007507 948911866
576822647 632394973
347996640 963076249
736530156 748107244
120020938 237608411
851087740 928329382
749474246 858413050
773923142 911900712
39083119 952564062
825899274 977475610
649214913 744503982
962546202 967538543
761812620 904437088
990555731 991351953
112756208 488702607
193340681 574206004
156127332 910378182
279936837 917642684
160964243 676904052
49612585 628557637
431274928 657022449
442356117 812274317
606653598 854432375
738988370 874978022
398543560 494449584
453850407 868387888
292400442 292717933
736297687 789636906
608394433 626869568
722778437 843099335
286099275 805355700
183061625 323437078
480024178 874030693
460301516 984211410
949877077 986979336
945012321 984605560
681999853 764253433
862369267 914507511
238992450 501532245
776870360 931800490
829711904 942574086
127256981 501279029
222862243 224022799
226633500 357409931
591101433 970864743
744726021 850181518
802830090 946779538
808875280 920169705
25306168 235827804
362642850 449027493
415659691 462873265
861033993 957221904
291979796 676952886
43676995 658535749
669159438 862755725
691011206 757897761
499610486 544644547
909044139 996118888
112624470 440760136
845705367 882432214
361988936 911621585
508321699 973003056
313988197 441544477
676977448 840902122
354450110 793164691
548005484 978893269
205169132 469989007
740145763 894672239
741116375 802588065
994202630 997820526
467870088 493046866
691423248 818401656
378890605 510715241
933768923 966646933
367975091 504826251
983214098 992353708
460558812 665552830
287075239 762474782
617041414 938828720
397562064 597286252
279106257 572855280
687703201 723299751
123109415 664935442
109920234 506380532
523409355 658354097
570233819 807588361
325243788 521018816
778043605 919728988
638935540 904926864
787361334 831861795
86637176 695272388
543871506 831550929
95943462 617064809
548421394 729043952
331634162 878898512
131679936 352058286
829168419 840523165
981495936 992223053
182957985 317263037
382206914 814589498
159462068 576881692
92061379 222825026
813803391 872638468
15728625 903811226
152433324 569500225
585883915 725341908
58069908 603288000
62576431 939233883
121369128 820329715
179298145 200483005
119898618 592372774
661800274 773657643
923848405 942207926
590292982 597337258
896947717 980285033
482013909 621938784
659527487 692491582
385014560 631909902
41028619 423331995
884854464 963761905
502656113 597056189
682591202 876942318
346170137 615318584
213934744 727786282
144361463 988723581
814203120 964644283
851436766 982120390
333654150 973879467
743441566 783581632
248825195 600452700
427747503 703305707
525321383 758226324
177445851 769252516
290302091 364741504
8941192 291315825
2612385 877100139
598879584 626179616
958825974 970700602
426874835 923340658
770096561 866041596
176184179 455256372
598331754 690988374
125380559 895083537
336322599 958768974
881411759 976433181
138521753 300125664
475057214 791553184
343609182 885545272
72637330 844250668
830515354 834869356
955444141 968631881
2880611 582340617
703803316 859037381
405038602 544609542
449291804 483272936
147105699 428110981
629886507 663738620
805214465 872076167
683838723 763612258
994291041 996434674
514059205 714586466
159397163 509913240
505963458 878733849
641436401 693389256
415546153 990992358
742112423 897715536
695504527 731720069
834740461 996745130
924950205 997719360
172547721 362589488
694174476 888578074
175782355 350171445
819699854 980516977
23283892 69528228
991148483 999394648
668654299 839680099
685442847 687331740
911467795 938156754
11123092 212004872
49994675 497426510
31312246 972171164
727957541 734819899
761785137 791854821
374277 690492786
352708926 974797193
231303569 343479949
18269239 621979343
625645006 886207077
359993021 695842366
980428769 983199860
497158334 542982151
844491606 962932830
128401418 866549787
435508019 939789426
777969381 907901714
535496987 943168168
755570614 889536199
763410016 873116450
85912545 179324760
447257811 895783298
668300562 993270829
98855665 550874390
773805049 871749651
72865525 869843741
227766176 335046442
250250167 785321902
26807121 538023519
340337599 644644691
980926967 986362130
807297032 814268868
632880136 833523831
44545102 661505287
702040461 764806361
988942554 993757810
887804039 987415275
724532229 953107661
189163009 661166976
562304330 666178064
429426610 442494210
615098368 660366915
618018681 865767602
850269136 893970858
263864141 634354691
700633542 774410231
112807131 773225980
853549889 937335374
561411707 839244085
568184921 800009087
415494321 773642416
796517827 875505985
92119894 596783585
105361337 958415796
259500414 264198432
912794373 972727464
332986542 774161182
752118274 783559192
39824812 453369024
174270151 394501301
49923655 809660556
528238644 617536477
420940907 915154668
941248573 979188351
125306116 819127036
830301225 937928716
744398310 747908768
587450357 878186468
589003207 598062027
343364442 943116097
833700945 834364581
792234770 884064658
609426475 783194842
143710449 288624987
16081262 548624869
153297203 454977149
994253159 999594365
713098695 956915654
18548584 672506901
483959567 674383727
526651942 847623608
593838767 948535091
429460070 537483069
38969124 528308489
772580785 949692807
253308509 806012248
283214559 660627551
446243980 964598017
565028802 959949222
656368583 867474675
528452833 937027008
810791846 927534828
141762122 805946422
18644470 935691180
244189861 774134059
161854072 240877749
840015951 987543038
562931838 633467033
905211856 955839715
736286884 920497789
914818874 955587053
78285582 881840353
473435620 475950244
83720005 536273550
84430251 806703058
924946298 934474709
425284979 667469885
832489654 885104011
853382261 888120943
435017634 677449580
561635070 653653919
687963124 846048539
513570559 994962408
876702320 992754366
461899297 550070637
533328798 709310830
765576048 959151862
441414420 968943353
892468712 945429379
40463677 523088459
933119051 943361418
829415484 845832066
974527274 992124456
65037422 478589048
63378462 609698370
241794002 727958683
288719838 501010491
748714219 808932464
714320467 954346346
237147989 277417789
593829083 768978353
848886539 941856064
111236055 876916874
134984884 904136357
740037409 838772333
607297423 630946534
530893179 955701187
822713625 894165278
994650572 998711461
953120517 963076948
98120960 882141442
650243975 805584530
752769325 953754462
10205585 416009086
154073774 529069155
686750490 865917531
350137911 556124182
195005867 634276930
115303492 128354175
784793910 981690124
107638080 920306964
761049103 763466629
299687985 866945061
321376142 655541500
175198513 400301815
975995896 993432008
91995898 880558816
196567444 381756271
671116599 876375218
363059485 436348650
588703207 957109786
506131378 894856477
806638073 951962635
813304140 995233781
745977723 930743253
105922667 644071538
488047842 987313292
607252074 822443647
801457245 908040482
926201593 936048430
332634853 908932474
189359628 536303191
151592803 428925437
783644099 831202840
871698434 964794623
568518000 622877702
638959007 770678926
403479353 948595689
719630762 732139699
997835373 998021275
374944320 812698428
973669809 977126493
879698186 939235252
633589425 841841579
466916278 804470177
724023874 836637622
475134355 627904481
290614220 557308358
486228319 695913078
368619337 738911819
738821924 976952025
934596516 935420467
407225790 727521862
166798366 439468168
406339757 426209753
726379019 895536662
920086502 969282960
358364727 626576706
927789937 966534983
611475843 757050957
749340241 750540504
29403149 109154943
102049332 525098782
446914493 944137832
502598652 732078681
865240667 923797546
726540935 919194861
842234156 998741420
875708619 988459380
615624966 903598665
551291456 874739341
450158264 755742050
296505972 705191805
928320061 960962330
975262430 993010517
532674912 685048085
949930303 966147552
520458402 638934591
874898818 929119472
438585087 954666210
967498295 970288884
930846301 937011263
404600416 521137571
353626522 905627772
526199581 943384406
776626154 833088393
295795729 657433945
425611108 603948471
702076518 704001047
595075669 910511105
549711245 902478985
386050757 464053254
256006862 874680844
451726241 890622089
404775874 740150793
643339618 749905564
515753553 811320708
742107982 899191469
619487303 802399129
142339549 891528210
484503192 766211766
994739885 999346301
551643374 808493159
51292252 859289074
82678422 380144308
990119853 992738685
391479233 947255167
279966077 934923168
674203302 875037259
135216783 136183185
985897638 997058756
756517706 911657595
247813516 674122919
387007067 438599885
456955000 824040593
419568364 446310751
439486692 942770615
218012356 444142661
897553598 992837643
340263903 462368617
380021424 549111461
222731544 894687739
752181130 985226627
634081267 817923856
900144540 987452507
352873652 680825426
273529587 314379062
174673978 503695228
976848463 977213174
404274901 699813735
537265365 678290598
549854936 553095920
190699849 538076108
716184274 795166781
50848559 90765201
907537319 987145032
756492518 919531303
256532343 936334077
181157690 622706523
542101282 999687864
710012217 852244914
226267884 854523303
341300534 348812761
974537274 974705717
302049142 642846345
284975223 913653029
483842599 617979889
396352525 550046900
778165271 935010277
85550682 388870936
219568257 860946296
873959761 933764906
79055423 680643345
345083101 561314783
946963135 973253633
331642000 617238933
244221382 317760947
469345735 470598181
902589568 955562124
396298529 466168990
262375413 549554395
57198670 600939782
596669076 773120307
418515496 921487307
955254679 964688809
66781509 333031932
645304765 862378775
264658717 298584938
103752372 563423530
864877308 954179026
466483967 831930343
670459318 944565479
159439218 913676881
943114488 971095905
798845155 832373508
392561140 610354914
882434458 934786989
281850003 756623653
630350899 761675533
190960171 550849424
907620435 910398205
764854541 878188600
812096650 936926130
7313744 74955598
108938593 976530399
446886201 939680563
911963223 990517557
687581379 791715368
498578596 668740565
150659875 352488117
452191239 485638615
139953578 665979413
933745320 957470822
607131484 733525291
80449217 283048620
779959568 922126864
184319448 460699497
656654405 959883924
993073037 999083012
746267255 928259223
393284878 540474564
689962629 736862194
525798660 572771244
494403619 957427997
606518800 840298889
35160609 572137707
753509057 908830491
453909111 794077165
538769382 922517566
831372346 953417721
509400023 693387861
521522962 921054206
399102040 580067393
444261937 599040048
805203962 822705706
758603978 999015422
633437951 777966804
553683918 803653858
825073020 870140111
615748938 615854292
979720858 992950235
711300872 854540497
648049293 732655919
92447780 184953676
978186806 987212411
670483256 762792730
180186214 941456859
20008824 515723803
559050473 739835390
537093864 754662565
559905530 911208765
214228434 777341969
521744733 751113275
900908554 956720340
601038910 951736905
717661701 946378105
667911977 977741767
290318009 785620603
728078 257713451
832081182 870949867
960193563 967131288
394281578 429913975
424129423 975342331
222772615 957325226
632697047 998859480
203047962 372107208
493960979 685829950
676486114 853254522
3085598 88160418
737444449 944307626
8705266 522361902
708162017 723010053
157589198 880122949
450035095 958947806
279280705 690504858
184711523 518631171
238918839 424870708
369785713 963887569
716120077 931826215
734706776 747276595
84243549 533347822
130128550 192426163
233525297 519529819
226226757 692348990
414709802 625397496
561747002 682470689
259176806 290579480
104871728 997574324
609844587 880957769
168786790 397642185
653845923 981098943
537527970 684977005
468484698 559172174
248772843 537567781
141655743 212510491
319393322 884211327
298211852 303221919
119216557 344208080
813872088 875529544
101444110 118781705
454596942 756395513
516365701 633342336
645357684 789286092
326043622 732504739
442355696 901637395
787013411 903392846
98599220 699896593
617843299 642864628
212077053 628543554
863058237 996616171
564048588 747487616
710433462 883228209
692003633 843525806
263059680 333691460
19220240 574273517
447243866 662475373
635959601 858597231
961916087 976281242
468854304 811796828
18550216 328257385
171874479 820390868
355952836 481237204
666761456 919867235
902657396 966322680
766075850 913387174
677170448 991469245
272908119 737949870
487974124 548532206
871050986 910831796
629054626 774795281
803038924 966277988
420242737 490213248
201724692 404157972
451356205 567634261
390044491 681668455
892511502 959234622
106805763 431608606
433033954 536524184
270633936 283322480
173000340 730606399
956629060 996028420
815300896 892440721
229058367 593391695
815408673 993476417
551271567 838625801
131959047 784408002
622547641 980470269
408614316 547924033
442245313 462097007
493427766 713946214
85678736 389515493
200371967 696991580
324701085 623102675
977095378 981892672
727712667 998202933
731837960 747749741
918389262 985089188
336889906 723286462
347740279 431015081
200737399 840715767
892635842 915474755
797885100 973066808
943752926 951007987
947629191 969832890
76451706 365667392
160493298 627869352
357050711 710800842
768371717 901044953
501207744 579546068
785341335 876948931
356933917 924507876
895220107 906490366
226398719 656883083
732209620 794506614
128087549 415973181
840969739 984270192
34901432 150666500
76174082 583217743
964121443 990393265
288330510 344095962
782772854 916935088
507651354 793956851
360933954 654782085
144060320 706013593
648010442 730615611
142166273 461532432
145542201 305988737
143223203 200825092
86327484 410621205
311193861 799284915
266555971 796407952
726639056 933407810
7154694 941678495
148347355 166201011
855833028 900391493
24423150 463878426
349684767 804438465
628245560 874366143
489830300 568872289
245995025 974580825
283810372 700880570
555397855 723559621
809915268 828376760
410160357 900903904
320876396 591216817
993250621 997233087
197009890 618782900
419556325 442003540
426416126 538163958
265332984 886077156
547510688 859769505
431214830 511743274
161463033 706072688
585650214 968302594
19987047 977980464
951882310 956847587
263656335 602800693
861889260 928071553
765783679 932262797
611000550 626276956
9640767 105008539
590005290 600065626
101218600 320698450
104982552 621196957
304961059 953011938
726129019 891619249
895124650 925215294
858550799 883630658
375879799 798528426
36605283 88641687
449891702 602187767
347628347 458727597
606934414 962339494
604348182 877486367
410889620 724816580
932584297 985223589
519866636 583183644
437873781 914098210
654713821 740554353
306760976 554691500
829510966 998626910
236903690 557386881
574258170 846261454
617520020 968377106
573116837 676089764
446185870 494784125
462412037 879212061
801837092 928298436
377900202 843571919
728187844 922085935
179303635 232816585
276954767 606051809
961687353 990547236
834144182 988645163
217599537 809289616
545597943 885335138
863101225 949645731
420119592 742976117
703788886 959824779
74674349 878267225
417928219 882410977
579866137 652075200
406994617 537737627
617383074 810002432
369656939 408209145
598546398 898549301
89426717 730201872
100451096 835470736
564693314 920575005
63814134 336564528
233976672 434515752
971114596 990798133
359018409 704580296
965813949 984049520
372084032 512335149
651470706 936352874
78160796 545391030
504652881 511233254
221963791 383838121
5254555 530126635
985601328 992450807
813452145 839360123
875188087 922123272
274816090 769809254
688521634 937009973
228138629 833356837
747446161 937229284
224119557 271103450
834645933 875915349
195478071 280832184
818503336 843720591
578646979 789083891
57067846 362283251
822849786 876402027
423953439 482176274
792371992 895255714
766988615 962908187
295256629 522268639
793396994 855421545
977745518 999417128
70252904 362405417
938235804 998088164
256830744 528007529
486981055 626034520
546246981 546726739
271659315 644412443
628172579 842793677
675905702 831068772
574579903 965468563
788457724 904696586
591999851 803789220
191501125 246296084
403963770 999019517
455201781 507941568
965153000 999033875
55517021 449977027
279114618 470529344
680234641 720680348
742370565 849098525
338199262 492228457
831672129 955385447
33702200 915043025
161186915 514633165
363573642 858526232
637465962 946055225
195753149 320111157
358097698 485489207
408665238 828712350
766611141 917959469
401997369 795228061
458526026 531373565
534578509 783076905
624135944 955868997
462508346 777868348
115373924 856670376
854735370 960330224
721241752 908315357
537092041 721106835
87044616 857619513
265276100 998453903
64381294 511883646
17120238 352741684
932046521 948369136
464377028 839394714
242998923 876477337
745154570 921628936
105043070 736489801
73093784 357008805
441790147 821602836
650203309 941921809
990198387 998024923
790054146 843485020
538362429 763055598
774989561 793766869
679779445 785766035
2456452 329774606
918675640 935754750
269805741 580803620
187050932 526283918
994311599 996230688
356659930 567972063
223094635 773805133
360568950 449719202
480672609 896726806
466378481 937910232
474573474 795160534
128903468 567433365
953676235 980030539
797841227 991253615
352405725 352727616
113892282 759627386
528365544 987836326
385903035 576941451
932065198 969360195
980073350 984540498
242828008 813129358
64749999 164448430
322958111 914965899
358642798 760425177
302923160 370909732
83134898 796164483
553936410 727053786
159287765 239372180
357411053 587199716
162323069 294249864
714699086 989589101
371213980 498323850
293861394 661225376
89896530 890960529
540345339 735892341
505847866 556293115
585581334 906239627
223671703 891142316
739963597 977022955
337077369 707218525
40158821 962665288
641827721 850227390
472030806 721465139
780115291 890807165
224477005 640270113
814058205 817549763
806786096 851573321
805730568 928595873
979524993 993457405
196585465 198741158
346437669 609459164
130933648 411722953
965825866 987790813
433326797 492873184
227425090 404722696
453246452 477361370
827464479 947336298
42105473 791823679
560936622 943684857
224073059 230969347
39166859 893527187
981733612 989912667
58543285 338603504
807091619 851409036
154620837 652686563
307889580 633302689
611551105 779798178
879863547 941115004
775437610 867077293
442731566 531383560
984076242 996435527
279028656 828935530
70369466 169466860
883602691 972243414
358755949 674362902
247764482 354156829
685990930 692902920
668399947 936804460
358310731 661552157
31795793 588079656
366869096 698770452
399950403 973709023
308266138 737345233
798659456 937698008
644203503 900909764
910143971 919772390
704947935 800039145
85182229 759225196
632099598 684636967
787194056 944544894
598520535 703687738
893410040 955038223
412301383 743896689
999970152 999973572
65863333 161171706
456347389 716974028
220740483 263573462
195701529 822000018
897754317 996844141
168214643 928671834
38594188 489597401
390062460 885290583
121290164 445573691
790317382 794792165
992853230 999140909
399350253 819840833
713232297 852061762
891134748 966517471
624132989 716119715
632581839 732204157
217993792 981167760
730553321 906001727
986114779 987436877
737591317 797635353
987558169 996617831
986429503 994076249
483613146 663164171
297839398 685430923
370910069 861129698
729112784 903650057
433606961 653742748
546763578 959018793
331234572 717451205
108813184 272844549
373249275 983506035
324315780 577168810
530329438 967131121
863808461 956174101
901250169 935031125
567684491 979365250
818888258 881764370
751672629 829666283
37794660 774805310
889939814 946768351
297143384 906434022
387273933 883240176
212376253 392235642
841053751 870659310
990149282 992691636
663456211 685665501
110099662 415070478
250262031 975474721
649095751 823090245
774591237 992876325
937120367 989052994
737676229 945139778
572847347 901104156
8838424 747771890
32786834 647144337
422390608 605204724
746068304 883870661
934232870 989117352
662495551 684935048
717202778 930464437
811423638 836192018
32177497 483881805
625512945 907396596
440644775 830813078
627026923 682517599
72008215 721420890
250910549 591356291
263652742 758999618
358297100 451824282
121091251 150340029
343898719 470142761
27111886 779316407
766015408 928933106
245123166 434323662
40052472 71216984
505222370 928762969
343140238 760726879
755065705 843155351
634450718 998465765
260032271 343698250
363950915 513240251
492146637 613252624
167532237 354885737
792542789 889118182
600496467 804277830
642340324 802896364
561324506 955366940
862267763 914086229
345923012 972820777
499189719 959020048
813752250 945533660
948585903 987924395
876708602 934993711
380916876 654012274
13918624 100174062
218174114 539433653
274513020 467081666
693654453 862745066
374970395 476882448
648382948 958659483
367048195 522949631
715746672 719530612
437143750 487070064
990034443 994382488
786160251 794180969
346470216 640984927
175408269 364712285
127681619 544426395
867253345 983132844
18263014 803064742
470856949 805336035
267749937 396765802
102388662 119961339
461621522 675771732
263208055 426793813
496360524 948186779
95467139 433683744
623839220 871553268
535831235 990072374
149801695 438506375
717965599 865357950
900409177 934754900
182437584 990263160
496785808 720231168
953796588 958482874
416051670 966326192
885252914 972075336
503793769 693940470
132633730 454142707
738240559 916619268
967016228 988259123
783919526 841046390
941925813 965203076
763881140 981491665
460861265 518437859
15662864 847293086
316746058 542596881
761176285 815378947
914204195 961733734
924206491 950390019
933430007 973677180
869910703 987536502
548849364 885549183
348454168 753935284
926859609 949295939
601938203 960103517
695535978 906755574
293188576 337183753
219021421 671198186
290279135 333672980
622587450 870090295
609728208 633703963
550832551 888084799
154657598 828892210
526841348 647449089
463224173 937665216
181392521 690332266
488368584 675763195
382549499 528781488
467127748 865580736
732933855 833343179
631757564 927871462
920392460 928404814
572267663 642923748
231192556 992237720
287359948 756563822
584232062 784892161
675840473 776322155
634672364 875598723
58300507 250606115
273978795 597631296
498854855 944731143
480907168 987151044
610311616 981910694
202098362 859448992
48867872 443828145
39975299 134753805
381232282 417843289
168430913 841707271
608685916 754708975
695906146 792804603
618895383 720042493
230574775 550227044
539191740 731677895
910439880 983703745
997303247 999967300
116501486 130209169
793169883 942095997
158701222 404930618
367082749 793977201
692189615 987068956
336893402 448067872
113178319 361827925
4813728 524750068
359804242 946857884
436720526 512578882
227423303 690315453
967231825 986596750
498250216 541394760
107343107 221889765
716958313 825448309
248825423 863412857
989427717 997238744
555408665 609242347
859807735 870337432
858974260 868249642
321935503 868349301
247284977 762941651
498260000 734434441
444207865 945897667
813696189 929827009
111141220 872926979
166085857 208009805
183702748 268391102
204132326 769989225
364804306 939228140
632513969 840332267
52438825 596218550
275879153 446339862
159078425 758823948
693876796 945487636
17272977 308989852
282906899 433758497
483567008 809622078
150002412 914094194
535151532 822605902
558566807 916633213
368617094 602299462
714999118 881809189
799022229 869096159
163167925 977796532
524927304 648648981
968896902 997092203
332610091 845704396
618805527 806312266
213807644 944444886
600255704 808261978
48231762 901618940
964629165 972297431
916768097 965269544
301620329 544098743
883570334 980557224
281901593 893524465
914237815 938519888
787319888 914508076
679606619 734911421
480622942 776924680
96013848 474712312
8715089 126316368
202641229 712677491
514145630 566288673
526131035 681218592
530205876 921120852
688181530 737612933
713020416 797691663
297948256 798157527
260731077 979276192
631421436 811859622
166980513 761203350
983816712 988833842
725719597 729919638
286845472 635593607
396479004 595107952
252544976 960847155
442182397 507216382
717084032 911848474
265168916 606617846
544200357 761699567
207312039 951292061
2933580 326448504
726060695 790152741
486162254 907870031
469091898 912436449
591070961 671578975
930795719 981318942
808382061 935544861
170250573 603396243
926297109 987189352
63313910 208290173
378832379 475383469
444003642 601088754
742045337 875360844
44759125 775449573
993116390 998705050
943968843 963621610
65594438 421571903
539501612 823480917
593977827 660407146
265833051 894004981
666052413 987975879
951504404 967573404
664912294 762294657
939564638 957176750
282295157 963364899
112536550 915319357
95672251 761860301
92120106 800075489
941704106 960045288
309310063 392242332
30419097 743865320
597178255 812076049
576038241 950034690
683604666 900247540
292130624 561661928
727635372 913844552
245696689 510127964
392261925 808823122
668497792 694613843
381388407 392564038
210680330 574580002
31778675 740089796
739898714 919599840
596171206 682170236
484863573 825994848
126120054 380864470
929855932 994209346
582623656 720023591
339819985 614380229
745782057 771785753
538188167 909433543
964739102 992320521
90517414 541964471
777935867 956575024
368880410 490568362
39880887 714490186
782795640 986000238
310616624 907478509
588178349 656722699
995048066 995505192
420287146 625145078
726508463 938235922
41357408 669568253
462925375 586015626
809458978 901815461
445325936 785587897
359388827 955311522
313194533 520583360
146903774 807287614
61437964 508464792
921288436 932674189
143157000 509136216
924932480 971063385
907558989 978683383
25141306 468606677
781795336 905417213
832113824 984823737
98183302 592728943
662711977 682478915
896940313 955046768
331230733 343663274
861066862 978008669
270287170 303274448
116434699 856405979
970614743 972443553
188529663 904009733
301154783 844536072
462010466 523901949
619054084 911925004
803727946 808262068
493661987 669394100
584010604 672029203
947822358 974753355
409430857 620248637
560495102 708853122
42856925 265769456
16033312 403435794
636215469 885745887
154533437 687437426
884749074 999627429
942805148 950731873
611215714 962262730
315047792 470624908
701503735 875253425
671648472 764559446
171250439 726562673
382872174 458915322
847612642 897716183
928357225 985092145
952014693 992170363
876300071 904116594
154111741 933994382
347631919 407797057
664341595 783805321
309329149 875288103
933609909 971426428
314082139 628741570
490547388 537753789
131457362 680656175
412627214 537566702
452368502 827115425
791670540 942380759
811548464 877306211
94437845 762769121
863690812 877589675
406257856 471244861
961775633 964548215
120098414 520180619
783983724 891735473
945737760 978942902
480782135 790139149
626411935 746058222
73664060 685648026
64432419 202050649
531622848 741823888
545419176 633298001
530980825 718468893
30687365 272662353
686337114 693289646
139941471 760162992
425854914 787696883
316234775 710686932
111967530 469580872
429671020 682195118
689218946 857365796
198245533 455060064
235629194 615580503
850997391 947475236
522920297 568322007
922628201 974323726
530657190 648599775
33589566 836397046
676623886 721976229
523640034 794852835
143188005 846427390
20127399 677563116
936014452 975986031
266953012 367722835
715118068 860688692
560577901 989517103
678915290 749153836
799232019 929871785
292797860 987395817
539380101 742733348
294321257 511035556
842141561 872479634
992405504 998826252
758071714 982120535
658989609 930530157
99912258 875833145
13596394 976152898
73579596 344242403
144609789 226888321
499530703 894163712
452647490 899715074
574411552 640959032
599558250 781592246
892799855 897652120
926809517 951189021
486316604 640597031
620763845 945510914
5267488 296748947
305441612 478073129
656229163 939318203
18620901 537412921
932647830 963397999
855417381 936540014
916830128 994591176
552896696 797243281
404271541 537318395
511357362 595466605
60690131 378343165
894217943 904123823
644990946 885225512
427116759 434561083
338281214 938194653
510868385 856505908
490112533 698178784
796634310 915768201
673329609 820795728
416300303 730898344
903898347 955640152
55524176 683780633
929350462 939153230
113154445 821026805
54368583 958027064
215895193 657876646
141823444 360521327
583290806 787659436
439597303 927163277
49843461 809596462
143040637 357333780
146629804 213665122
582237329 776010038
835549657 930500667
490338395 856794988
164345045 768325846
299303984 917212106
892463986 999776867
103713452 264370638
134429036 948902008
32261696 618551945
598557114 631458102
779427161 795154202
89558750 459461488
721375560 859108122
210973483 328959743
593640751 805748720
425044002 543073245
257627378 355668339
261508763 628968470
787709994 833443440
283161817 630179986
207422459 695660722
982338048 993405554
410780367 658259414
22707320 842428030
805073036 836466140
383958621 580448179
69278931 446625034
379546743 575061888
271691351 400201932
463816631 796045778
906568783 949397572
541632619 748446033
390007273 857304203
566898822 601416656
53503468 682013233
465056529 619961405
874938742 964552374
979522117 988482764
215816766 829955147
421375351 639683450
832122216 967776622
724609636 932285316
957517062 962384723
974643323 999808507
767104110 962584128
954543503 994440247
954720273 991603498
435640603 917366727
553182918 770515543
182946343 792936660
81876685 697348389
967937503 995922932
310962265 398078265
62663344 63120043
199115228 409203159
3764164 710416800
149429941 685927054
993859248 996132420
501611603 972083685
451284999 567070782
18208733 900535291
476974259 908376585
240767386 470051911
474914670 492061020
120382502 822361967
4901198 647016799
378532468 845757071
517510382 531141687
103023449 808385995
823795602 962905456
293972303 981570175
713597003 854407272
900926134 961816478
767694290 785183456
178956308 583131391
508430501 607186229
665839477 668401060
696736497 919677142
553260484 889859514
444729126 737754296
862276397 940812864
325774547 970065541
253615294 723463399
757490499 968028138
712681187 920018155
806752518 946319422
183708256 910732787
296976314 796303392
11060675 714927748
778021481 940891853
428339871 806500698
508000743 850574677
175665312 241340975
180427186 723205080
159313714 246508963
102508505 562584899
2147500 666732446
274985897 434502655
376711090 581705943
349564558 630297738
207769962 232134574
220293392 529116775
276217776 952505032
911960251 916865105
362441055 851524532
634883895 918411764
189735936 864866597
95913037 542640328
953103010 966130994
581958747 643963265
378766044 752901752
157724912 550370687
641382977 915876814
709195597 938703141
797112964 946726695
838556914 898552407
842556287 858264058
25191120 882034194
777000358 838386660
723962746 987549789
289976633 295700025
135222085 736642723
588091364 844819581
612281479 642855579
661119042 888615428
727547666 998123869
66420662 224299047
495046861 556571362
706384458 791742959
719732563 821606090
145920162 723249071
498863830 772208328
159981210 696432295
59884898 663662754
685314416 793213729
290855039 930977572
463600188 910196654
707328758 833865276
664849926 945656126
49921368 873438925
28217136 309654405
503313272 811033695
567006105 683705912
430289144 729091027
185265227 934970284
862983543 865103504
89504745 301238165
129846626 969215127
14037288 245656451
936319498 980989423
74921660 120676214
641329694 749548327
619631786 872847662
700678301 994378672
984891105 999309451
575460883 609330004
843665750 864563498
722450255 845096921
907987455 918431916
565669098 626693771
665545921 988033462
5842319 301371502
262382886 642120447
460776452 495256541
351357381 727205959
603120372 797405980
658279717 947727345
109051730 998325720
25409956 309737530
225800886 388380335
375088163 583528967
320288370 606646533
165089858 546341044
500128622 563476516
423968446 614891723
903579636 931541990
317390113 873011937
84908653 197680651
336515986 565014148
339425016 973717449
995447704 997587855
884520645 903785353
863355710 933245382
112478270 224325962
610605411 943096070
440012462 857352503
965197094 971038404
502348646 718337079
971410988 980381668
385162221 804249142
781109626 846844113
1861723 225104407
930710860 932375317
992223502 993065594
403175806 659575193
223858710 746644476
157619258 747495470
392555589 970946835
375495471 844694928
515990102 628791876
144949020 851034169
339519058 761803977
200594952 465705200
766132313 995103577
581896518 737626715
231579789 707870807
838616349 976925258
881069650 949470473
296208352 482381280
682922429 715935035
664500297 987845350
308704580 984162101
434238712 632392256
838239109 858236735
850836725 922317647
672193818 775694651
268143456 531661926
119811227 244902637
71225023 820062289
768931908 881253497
887045356 975845458
397412787 494359273
208718046 730019735
727899172 936490770
454070764 898997791
496519857 857600839
642251590 881974596
45026768 382571527
631956689 819669051
38690682 198259406
26403833 695924333
585083864 960228558
558035659 955153237
496362258 608823573
503436548 892474960
388354629 549036542
255036764 946286667
292661132 898578252
166966221 796834065
151932252 894043089
428100165 661498070
980105972 987165477
915174067 935508194
889344916 993329045
945683017 983257968
676175386 993123179
231664719 331297246
724746823 882749415
677679180 878844899
343017104 647956107
6601212 354633284
727463868 757594499
526843696 741587723
44163179 653355648
435695618 892574436
653409865 826869502
610449770 755648879
365647477 398936517
164929221 335098701
95974629 213783147
625001355 764160295
777478265 915969347
933279705 991862323
431799196 923682143
44884023 303321290
362688813 972794537
506122148 909791574
735587238 804724757
907391212 940513381
82826474 391564323
60099403 904656386
599886980 762445815
756299455 940476995
784279246 990456326
327036088 968580017
965876663 999786451
685228384 725997145
606920535 890347595
916994777 936915157
594330000 845070369
425318873 585889688
32257023 937488082
354208022 363026560
860029174 887038960
972042426 978348968
21960520 85440791
537632598 697409633
423134967 615667528
500673641 934489799
886016060 920403066
962771645 989784743
711698282 799991142
338681376 382251861
794764106 912105001
7584499 740632867
388474739 768303129
243670016 514186229
349360459 442522673
394040942 549546159
900853841 944493984
912459293 949451900
69605917 896059487
326634583 432849267
8410788 985473122
787509244 793199564
422980436 876542465
786557663 910920807
883685434 996838706
553238293 637206791
910473874 916546618
890072197 938029281
97599630 730883015
815296408 843571202
662353389 787440629
762424348 778789066
47249066 236863542
579969819 598814646
741586096 915196340
847133246 945133097
165781170 636871911
747571200 998391714
678817191 810017272
809014781 958503771
472809337 835716373
745620220 875279930
632888391 971031520
101872982 711196706
48199556 799348159
222903072 880041334
884200203 979226435
249778044 353527296
565763875 799409998
147041083 654682204
862190812 869951991
489315652 731898741
706754513 968173995
791445905 953669519
529884544 595049497
742509447 991128685
590371175 739756994
371034158 529460646
122501522 633154014
819117910 897197065
392277141 524725777
367428324 650737751
498297163 958503689
548852134 599131727
268615938 542100862
490162459 716165263
934294516 949485701
150339446 473227098
732744056 757926221
319694692 847167528
971783435 989602388
212955404 486221362
706322867 830274602
28120592 328400916
892257089 941068205
542504150 886289781
423434220 525282738
727184581 860977985
503402980 933385511
39978944 478422280
471644958 571466945
444689592 952862579
823990574 890438536
180346718 515950448
915409228 992546534
116379892 400385776
280920697 333047791
845814845 895189010
414072759 541390528
879426709 941815621
443812461 680970993
353462850 539489628
769464588 914602802
843761974 950059308
389437468 408344815
452989443 566391671
1506881 974758345
691372015 726015785
232057640 838085656
734418145 918293094
425006595 984980224
536907795 646480579
87933482 152605143
583291340 733741138
561402668 578352478
93015269 894686373
404293857 588130971
655968757 901438594
500048715 965893403
823250959 929047909
533324956 721581317
212675155 800997913
848383087 881344648
81178687 653549003
958622027 999722848
980693112 980693973
430824069 868366068
127688073 475365145
84370432 174890723
771974433 966105444
506633100 906838850
66861579 861743777
852326879 977572147
726367392 905081349
742699818 828242680
135366670 661549735
828160854 910248307
24273419 110749510
705533915 761087729
153899852 284724694
494001326 803369264
825510448 849822173
951656985 955629673
751534072 892214879
896017337 903694078
688790022 970464989
67418416 607246594
740982094 959698923
352769072 975389316
326972813 503389260
9052849 756871489
738815855 831543672
16622229 757466950
41914749 646435037
408877499 473243351
478294012 578093749
594774333 733554240
649949112 721598470
156110635 656903214
846003779 978514697
151850403 963497243
600322219 793871895
330100838 538777626
9672293 348645845
175149391 547286330
244584279 465370179
368703630 924739593
201185680 347964535
802258572 853286746
383555007 613904291
878873433 916100694
112139316 756041332
590498756 634466542
792984723 922809119
796908073 842947650
120914960 728079045
946569492 965422859
899702251 945194479
721387878 759401502
711541689 719103962
817048834 865819499
376651701 687166832
765148226 802655020
136407296 751774907
376738957 701261820
841877798 949424790
514428354 555444664
280392665 373561865
939708045 964694309
182943561 635396915
52932809 252971902
280582992 673672179
439159415 998553500
155474172 735712558
122894249 992583543
913003740 944009503
234067357 353800994
481293832 986765724
595366179 794946800
118678698 860340276
912086281 980145999
466291301 664054384
880257533 924790307
652618196 964217576
11626566 889896574
773004831 819785201
328855397 657628650
259469476 817671961
542119300 694066242
246587522 296412373
624794038 928400591
869076688 957441628
820394464 895478764
705789138 751108996
780248404 825679941
880901994 918074439
194370117 450120463
263557309 586779275
387008608 594473511
292323732 299103074
736279887 788690453
926091193 944193360
470625693 489748926
801468307 894782408
462734153 732768622
486494613 868385536
325488552 430244289
940140997 980700524
679440781 681563339
62994613 538174662
368249887 921218708
897214076 951893361
4871503 837662066
234357764 904026594
561234456 813787390
278645249 325593747
871842625 941977847
299493247 422764674
267928728 966151146
935028120 963925435
483150493 983587003
418568765 920640846
442036695 971645536
503011912 639609619
346855722 890460396
547740175 845789496
355319703 749531123
547302804 859963213
552426820 742408571
990668555 992428990
962493621 976884333
619061740 637339121
93458595 278184209
398614860 680174921
30049943 652408823
241651943 507000975
101321573 395055854
89204207 96480010
374506050 881683967
731407332 861285675
981561987 991087168
204902280 777328713
765801476 840269686
340805195 415625980
718660902 864710114
189562213 328279763
686389928 835359112
43973696 300758575
785104880 904448647
634500581 700885596
283043770 522830028
377137600 442006114
107488157 583947684
358417621 928213800
963064266 968244516
611167350 627569589
9771942 561022847
202201686 864670185
22300855 946696476
209467444 370443485
979207326 984256038
803987870 990319482
814037871 967707736
431685804 659462125
870462420 921846021
512566918 605412604
83586457 192445175
726567879 816454942
718538376 926539669
415524752 462592849
624758065 856994930
843468451 888784420
178575522 206534188
425489728 915998111
113628431 610998838
689124922 979437772
866528044 906925395
345600518 646379285
929476427 954836037
721255770 877060878
140097977 418076822
294272364 892436875
304718733 804153913
936369247 948993313
497438550 989151713
851691462 925411081
903121354 921764036
290129974 466497557
724630196 812023380
252519398 740411838
312118251 988420703
725823992 942424727
628171068 924565973
662669893 937616263
831638127 931945624
931844687 953229810
468191921 592298725
894106492 997685483
559762893 611675091
411089809 542049104
237719478 877592994
668234001 809538650
944941677 965101794
741530396 934414783
210834868 476705357
198043406 429809939
178656971 983508299
351946192 904182834
202002643 858661610
910401493 957345431
422387704 677406572
74467205 662983495
738872791 751486522
763712790 891811034
438918964 767602830
709733281 800171124
869779401 932112149
802978123 952112302
739538212 808565825
818788388 999164107
779212230 886280244
853705664 856611234
288752661 657973562
789466523 816177191
968701959 995248392
69047890 484837040
954714372 992795908
102906383 646969973
731641166 801722588
266310457 298318369
257891442 777957193
439337904 712793299
83280527 374329530
771537601 930245424
75103469 867523279
347309885 602767010
744343815 993931485
429383628 432153118
564997429 783398383
647769761 747833980
796971386 824816702
105223117 725571970
500906648 777770828
14328723 657284551
616668184 761142881
258176470 593479008
843546321 988378089
261728593 814121823
130483321 915572158
936060204 951355321
588802534 948067584
470743277 740156457
136845588 619096226
918354632 957899521
53946336 494329635
931837937 958414756
73802841 921664624
317801335 364802250
73419983 977235636
34940375 936496919
563259219 804014469
425323815 851750152
732367106 985233626
967371740 985823415
743900383 903233807
128506422 776007677
860960324 864381518
556430032 607105804
181948072 408045462
682999575 848781244
72383407 863005161
211641358 343833193
349630831 889548761
264983542 833438754
537130632 992107920
621485166 981910871
411264653 754457150
780376555 966685289
525666278 589270383
726835017 768056588
570811388 923220260
515295764 858770875
63517290 719318292
968766878 976145906
816379559 955623829
290394259 996266957
46182014 506121552
269100052 861994811
735212356 988783529
411059821 555694518
202223796 239680846
107995894 400020888
55369739 692777986
166902149 461565054
119076723 462766413
186054971 224455289
380575514 647027908
261747221 621992550
514215498 679700153
391573110 644138524
141414750 291319833
475503925 951824507
560130237 908137306
722122669 777403097
788174195 955740517
261686457 871036078
809875846 993259458
924009005 928448471
164280653 315457028
806705796 977463821
759060044 817903494
8962296 999618794
321838604 735843257
11025999 67296939
346374850 588882746
429671790 548770379
767385276 934071323
717758440 992421830
128718075 948029679
611583754 645271520
473902815 751432150
157747833 863598122
791369572 826043472
357118332 918948971
155539121 377781884
528580905 795069820
932268483 943423783
625182349 674558408
217733070 906391800
181550818 216490407
825217893 926260905
40859247 180053732
136339194 488016984
639672170 675564259
332413786 649217296
727463337 739481177
276341135 554794394
149930682 804664432
103917394 630323914
820298641 863056524
446253511 509628020
858038318 997314477
702520802 830218863
142863828 368173846
346378906 675658896
185744487 842048760
9506609 524998144
74739938 111391169
912830507 946396494
135510016 824359992
623448753 729132754
988268221 995419116
500337835 873543571
384971879 387347293
991418714 995676716
127563863 611865425
341989816 705506579
207080175 552543360
564018333 889968826
826219575 962779079
92530593 959026952
259380591 490214696
968909809 983228436
218409314 271174958
140482315 493160212
742095837 907200114
306156452 860202459
455668118 685846469
163833975 694488159
7451834 977015177
40660136 998468135
460278453 800599912
958247548 993161918
385906160 898251723
428489308 844272230
31525389 264745604
950712270 957334569
989705245 997456320
392093803 500283371
344210138 586367976
281426545 866989655
62730589 351870209
915297052 944112649
354959870 998544835
612474886 943138022
276949042 852475098
889022982 967621389
826194644 912834100
498201285 830591584
443941428 491365672
994993174 999086228
161089452 507221194
197300192 826502346
791019025 812278138
687321616 690757720
821819056 878381134
311221462 748553810
637091640 758163796
481912911 799284179
30447784 690331057
13744141 534376755
816918965 964734684
88812427 830059181
391085976 718801214
148854994 829450004
880896071 962420665
379973917 939133357
770316382 815431814
127332614 985821195
16911294 831854025
802256331 878042155
697370638 987822807
755904484 831438128
706544830 880794019
575550297 652827082
586456653 791028065
543876546 824539131
735591732 994556783
361288131 541788028
550693307 990266154
710825020 941618852
993734490 998828822
612006753 764668500
424487062 715939084
170860130 802814900
471637716 736094321
200112788 544932212
600766367 756167563
120292675 725886380
398300916 875708204
999323017 999840472
530093034 567887364
641603604 931167760
960556113 995250233
161858879 396491752
839262602 885738517
41811575 561302152
37790198 711029883
17939604 922257103
944645179 954734146
984454686 987435394
659934582 883361605
453576051 675074501
558440619 625989301
709061497 717773704
302133051 502711658
68100908 657227998
718972835 987019503
377143867 939119872
814082960 979616809
776390488 983537866
799500609 930525836
619820513 952430335
379021256 440593148
204205898 368359859
769132133 838024051
676370318 682043063
911671169 939976282
44029758 392587386
439085648 556497848
162135824 344338046
667133181 694143341
138496816 397931257
580451185 818382587
296207354 839278254
886811841 979025929
859716760 874618948
106587453 321372019
668425480 800751175
217718699 540520999
961019257 969845116
852510999 869638731
617110769 821178241
459783827 462299379
549088114 980646857
572036336 938522036
700489155 799172827
746340023 912502493
593133684 770641128
857020673 970694459
146839090 335985242
236168098 478183343
671105505 944372589
458071455 941768025
383137830 390397938
727676994 840138709
302661777 907390402
65196070 475342516
820037850 829107216
86114465 877448954
189360155 846890691
683053189 955904217
233020920 280419241
927315313 950764439
637208283 792956006
175727279 495875664
387801537 542355952
423392109 605147101
467593157 678469548
919040870 966127884
193468249 560361450
216159986 342686863
169341577 917091604
570774204 754374590
429681419 495255754
222232681 983205826
259378139 669436484
348841029 979947485
232670883 474663607
567761594 580754523
263847011 269692771
802086884 981927029
877147479 892911387
588349887 993271056
554758050 804743281
846838420 881309259
614485108 741713735
147982855 884783641
215259262 617215660
990656178 995234167
757926909 825310428
832863655 915863565
308502823 642461591
673134683 996043810
393030211 883812924
355414114 606629521
998755285 999786189
346220577 808003146
726289199 940745358
549180702 740127293
111646051 968639160
874605874 931065555
751950533 848075591
241555262 363720722
976640865 979683426
239533879 715910745
277692805 939577424
741822292 896444251
457212085 694174977
127788339 623562887
512277869 590824151
675335316 846623880
903230066 903306102
375910290 723829751
668277666 763944054
615476814 852337326
163962132 775230102
725215602 725549046
132472252 693341351
45235503 56794457
294219838 637897430
309831109 866060821
122434451 492366658
173444693 282237400
274015680 338586627
446508814 469052593
338472511 891208699
149370574 539969248
793647738 856102668
373700700 535494512
532314463 726255162
583048772 592064441
446494793 606625928
820028513 847711630
892610880 985955707
275567526 701632726
303131174 972337565
510253866 731563156
209556460 459478444
684441622 785070260
990755850 992412926
729657594 938609121
291221292 913976628
528205548 671137912
791335551 960268269
802581647 960470157
578335110 615581404
949064556 966133916
349045578 691704563
640660514 800154456
651677797 982902548
494940435 693589270
868210564 995182526
35083320 456847864
882186383 957427099
172007327 173249587
106740431 197136916
252103645 274795556
236685732 791349343
762019168 813688454
920612397 946094933
523217938 844640928
304556487 732712384
877166032 917327817
701092659 941648288
345003099 607873818
657036455 865215904
496584453 720932286
843559654 953559441
936680897 955601584
302773468 577924520
130046941 952802567
784135151 921959423
800192618 805999686
638959340 996768543
382195243 760439999
291380106 875503983
505708613 514898782
355790616 393004305
677296888 701630094
742254060 880392224
493343709 656943894
144550615 210722699
262159723 741626529
981089402 994851843
781700765 980484819
655171327 752110904
265467404 496667636
728095104 950514996
727332511 882406236
651302798 826820867
949896540 965619997
682724201 976160185
444013385 728817197
967579383 976784461
772470904 979738221
8402703 995704959
697353532 722667469
832224400 911399406
637627746 981020740
1664066 893776239
454519310 791979545
239590193 885556837
657753831 834351558
317653076 748874350
62160736 684951802
559524465 608636984
94123897 268438174
125800207 641206579
429109612 696108746
991922557 999041938
556380154 794414175
174634697 486648758
467628655 512355265
593735190 683895993
209837484 216955695
282965591 776947768
855645907 925181378
394122897 411071054
634292549 667908079
277182369 586391236
47643247 976569927
283128987 851892857
45700622 513469307
45713 332673430
881471628 982426061
549916907 712991851
158637264 268329183
61428937 992837317
276799671 975308706
698072040 715916911
305589017 428624581
868841007 997230544
591024983 695490699
430089696 916189136
732024985 734296680
78656093 251691324
49037999 464193197
748688783 834089528
561123964 561470574
714976763 945534420
430668831 608684954
726958432 885345610
113821860 500009941
727789059 749003522
849170782 888156036
420344990 640673313
385189095 688348871
148631786 288162980
681964368 738417682
235226401 458244995
88689519 903497943
450141713 640828804
153706992 962896375
166470307 581863314
701985923 762576777
770376857 933062788
351703040 801433962
443346679 618785282
634486563 772863759
28063488 866616474
313637406 610314299
675241885 878119364
717070075 961469195
158246610 344726145
353252253 963897835
468077578 531718403
704803216 724305675
279068997 835955972
962884390 976592732
621962502 797770680
753607696 958610186
333303558 483179000
38809012 559973127
879366083 965238568
166984480 358695691
472064262 943190364
325087662 759286522
326202841 910035539
454779650 948914902
129966178 629050676
30156795 642310750
893799514 917899208
639044360 710972101
186330760 683243814
699084355 844951543
419324693 719583788
792983978 887985035
75704204 189316574
605658961 677708365
745506432 855501420
909210367 937201227
922311384 954351952
314437467 627847478
400288124 631357286
28792816 409520651
313727061 729792427
363178428 511980783
662545482 865132535
18204739 84036946
419083011 486330929
784083972 988910740
980782008 992409378
834686402 881703487
590139441 845105735
343405500 452808911
805157126 873315593
67985583 620225941
772775396 810408726
328284883 331370818
843058749 930114058
418303815 422425500
299369939 409511020
892482492 895863520
443202260 670213857
378521891 580213545
308483398 365696925
325635160 858526641
799951909 948787093
379547664 387479531
497173580 786700655
858468782 902018777
363212740 451932720
865176960 894244710
815039691 917571791
720965798 879509643
17466945 847290279
310821158 518992045
176280916 467749635
442807034 863025508
692260421 958222217
56833604 163359745
119684650 276006376
462863467 651950832
317912078 478418066
581368062 979726555
586369806 919307201
603344571 921806919
336548061 551732214
730143997 893303390
593044006 992184842
992874072 993685738
470091488 644169927
561002740 768100748
639183825 986034383
66226392 178033979
305697587 413150150
624372856 934609694
349470909 458138245
319438909 623324155
253450738 902822033
12985716 67729579
898941802 937595751
242673450 251288615
406766927 795901904
373600448 612421833
329880068 897644707
536461963 696522664
958398135 993703906
521827826 661325322
832206492 965784979
211870221 236277899
6588490 165243492
906398779 984546615
653732750 966435713
812579139 885248398
12871789 871736214
818123406 887324892
964210184 971647380
929718181 982813373
975432354 999455976
759367053 877418495
860967634 911999649
836346434 870448218
760363999 905628212
324770403 525044154
844692256 954677101
87646951 918121397
226890918 793855971
692590351 854230806
374271582 710196897
70593368 96398685
60369082 386957562
877038809 905263703
236546234 306706892
463072081 571153892
7108410 863496805
821055729 855899110
414039967 817141923
936964831 944698661
154072909 612521266
796206123 999935301
286486742 380273351
874559884 933910819
78583409 835019772
989542383 990371074
195673540 600984562
333222707 813930727
157888113 678830923
959579747 996678050
820523402 943129238
673201431 789632490
989342958 991514198
515858995 604014709
782680677 928386429
929311425 945372917
611741792 653509755
306960604 328459224
739405329 783403864
425076569 887377251
779093782 890390800
955077880 994838259
127100435 483031217
827414018 959469401
521172722 590041506
527800052 875245872
958011677 962848574
475833753 763097736
813610536 859814386
297758922 536268790
28908428 722353230
63511561 858619946
773171320 887321019
224038912 395814200
535722814 883280983
366073208 799836880
549048468 911679184
672615226 988381870
221118348 248962569
947166822 982666076
317305284 888006993
163333106 256733346
770618472 956479295
765924207 866201959
568073096 753383999
146268799 304366243
253649919 527628368
158921730 162448025
239716440 876547450
802832359 852252602
67163346 861570901
761971982 894766657
248815203 843466858
394952008 561690824
94192596 213481806
476797274 669059380
116731383 540712774
988865211 995009471
132006402 693892894
358174209 852363497
504133696 811787990
606052364 976382215
125657771 316400351
170230676 255379866
857606963 959116844
680400958 978152064
663976870 925552134
996033010 996149898
23336283 163994186
488896584 851042571
21828721 60503993
457292233 493383531
985201344 992440316
463555508 771754698
610810330 946902001
504612922 601952707
279461083 550024728
122192658 267445787
860550395 867244484
720593295 909982868
947621281 986339544
5940032 451515744
458377264 539589540
199219517 202148455
222475082 524395647
419958231 427468706
43787413 430509261
539035447 678784178
903236505 917801660
472370368 778182112
821377238 925835742
382463771 948766265
750243717 863138032
770915958 987327697
37227894 922475696
642912405 817083574
172179059 416879483
263134745 415419627
172861924 276832680
279767393 509450924
560904132 757705096
98527884 898783962
982688612 985283634
428784427 622628877
543270693 696640740
904296935 947678835
389963652 529058823
262435489 582770606
88166161 805321274
841998013 988781086
67586358 542520538
38835509 729775784
56250884 849801341
273346291 359523330
872998112 876665501
175796818 879655527
291364537 593996911
461882663 589638708
289470937 438566817
623138239 994222328
135337608 833304414
131538869 566858112
556548898 735292860
310536883 828681336
395999016 990164373
798285146 986023478
707437702 842245422
584019477 897033796
51666974 525839633
782400425 880479042
963113175 993748355
462408611 795474274
552120353 927278843
405356064 443576196
463913104 757785733
116746949 495721090
279492718 980049075
453789522 902205238
587508379 692289890
295894686 895734757
707288022 724463395
53114408 476795833
278125737 738469912
190898080 286869604
909765182 923636506
787502787 854958331
218151687 731759313
814548914 917068104
549398184 926488980
186815835 993284980
649827000 792031793
714053358 825431076
880264149 976358314
920936277 959520824
24172050 338449878
12347606 999034961
6386261 271685302
99722976 792272302
822309117 995906700
789426645 831990670
825830186 876110827
220752176 268721822
47583940 697208093
553981602 687004209
466820729 718957345
517939340 624039648
733688641 968763077
93992692 211517245
119774651 227649176
761456914 864626669
1066674 148197946
567177041 852844668
202090344 967676663
749994632 829985387
787126898 974103085
181445154 462962339
683198834 784299511
862622522 890721386
944627394 997349643
618837214 968136409
521900968 785670815
543207106 838823084
921621073 954711902
846931240 872896860
444835129 498070265
563878060 649332698
714928944 864485852
472789028 517949605
718823591 723708082
994619146 998692731
609922879 732779116
237915838 813390445
149932213 976113594
684734298 992859697
751895421 849093880
551952509 634952465
729204801 958015383
378450215 418509636
798903233 949833756
931553827 982153390
918297922 930062043
569407513 890363210
161111864 791674037
164856066 385921429
917434058 956145579
609432574 861464044
507160317 810756526
875847110 931901684
426993409 756484088
107741028 748530043
300325882 339582188
603851809 844772864
320112252 433247208
383746089 651172132
938162964 986259402
456835715 937053374
39908146 483917798
860779203 884654645
985945280 986171729
919097965 970638972
278776695 587581105
50371524 785246538
989176296 995137906
5974862 765971683
246205393 688420842
65839443 736116470
883329288 896539528
131711423 614135068
82368797 153514621
696964649 826828763
869598636 944362963
993507597 999215558
186917206 588153265
5502886 605332424
659902204 663071064
855342376 899117551
475818910 973103793
318682341 655136057
37108313 435556761
211070205 887643814
344939925 527348548
180929776 578111009
210699343 988734994
257847228 938606044
392974479 739988267
500798597 963090987
284320864 293890232
73058162 500675460
855864178 899375996
357549902 457458103
339643095 982933604
73545523 444689407
74323958 421910690
20180041 148224152
776406007 827963565
698098258 882488430
202514656 205133085
389984748 454731235
242088814 726949719
679607905 992483679
227773808 866292554
801375017 916924032
869731558 988451043
23654658 923923030
456419734 566395244
756131168 952063972
987170614 997359516
40895272 766716389
708035604 898777774
853994353 887712738
997713764 997868021
846507630 881643879
933839480 958104655
453853803 895557653
783204613 961930446
607380879 799796414
115755052 452768501
866633663 997557094
327256528 832335772
804729336 996498612
492528383 870804505
914390409 942994148
640546756 699386412
246218431 588528374
997813967 997994967
915773024 980117048
622657794 746878593
40108923 488671784
949019794 957762305
602429759 926608574
819034477 894243220
739265981 755704293
349351503 652866655
535023853 613835991
403302155 612708654
10580926 524697677
80509236 874602898
643585294 996865140
224750613 614582749
218305828 804018123
864203224 964978357
542309795 559525932
542616507 756669340
751835871 942363552
191333574 895131360
986152204 993272652
255505223 660702058
358918212 782982121
34266232 373979284
180380921 884746657
227910552 349773934
904720912 912991284
138245867 813518386
549995800 555706929
161968730 297055690
288575265 607641217
710791952 910419795
535284984 572198506
896878403 911515541
258083068 269917626
938816236 971461828
729856388 803277537
653580949 793842101
168173215 857508718
236321683 635043543
39845092 840429169
208334577 675814573
370880007 896316710
942159640 968920834
889383561 891419346
431354432 650873872
266507451 656162156
95952347 169018667
37452700 362127056
884259071 906165729
791257647 995006212
31573585 268116294
746443550 954184923
326152751 928985970
352544648 712919025
262181419 631003857
301776597 435691079
447305972 531604939
393602056 658090586
403697725 459633010
995746454 999681757
132636449 660075227
877442209 974327002
230485786 646489281
656858089 935877118
396500293 698364842
790401142 881071683
196447971 206934732
290820769 889355804
91399958 963160500
911667288 935720489
259572126 399833055
417362602 790773203
155900075 509204965
301848271 307292814
917022439 993420787
739755297 779272040
382406654 493413597
274737136 489242309
288164423 636901460
578477444 675763293
720361071 931809513
656085443 862504251
440605773 537272487
396592991 698859053
996407531 999791102
873184398 890648586
269158760 419018870
362163859 940305024
425453084 431005364
992815207 999580723
120369539 801268374
725250008 780352073
905059525 936429437
185845157 634310605
100399014 808624327
142657496 675158163
27797940 860465146
169097910 361749565
906858566 987577664
362441033 429391635
690743540 803208029
952321714 999169728
217489839 625048078
318521985 864813487
222551493 355539407
14962911 403142394
795038129 923553799
441600915 594852733
353323329 502669433
896743235 919191140
734672016 881732893
779890076 909437865
668916138 959996806
339174167 570293592
445701230 826151190
758746476 979286449
608528060 947563208
725163315 849253776
196132135 316532645
790481805 807052710
908993477 954290252
946584632 962745993
793648093 986867124
683891962 913066038
132840614 445678235
385889501 970305488
200747495 850606351
763481104 850045487
716151728 945459006
794263010 800713918
116773649 867230878
934122219 965697115
811457069 934949404
949394248 985966702
370590006 680524548
198948096 693250974
668402765 975383644
984438364 988402062
827774759 987708351
3024804 468697143
140739807 865512123
995210262 999950737
808401883 945441555
394916362 757426900
351642873 425356237
17340488 685927578
655871970 853161213
784440710 786565464
146120238 399475933
437582208 712941073
592803072 757861034
520227753 884266243
45527384 75235036
648184215 697798308
434363126 435554768
822727712 915449024
383824680 879554094
788772932 808446690
715435883 799414726
545954006 822503795
687923559 851835842
287190934 983141899
497227300 568591751
949605212 974664594
156970325 408362934
20866880 645559082
563526063 635574392
244488382 349740892
464785279 826761981
697133827 971893100
857192250 981113975
818137972 957637801
570018015 812195495
393808063 671849992
982777482 991628438
193284323 727318447
716591295 747069399
859151469 954934273
693108675 814436133
109530757 365231515
683560309 822961082
422687117 494988565
394238808 699438649
101015724 791088849
622998479 993970862
430246425 904036159
29134515 191742291
649870189 663309469
156683176 400834159
246067009 451089734
513803177 559197260
853827194 882213335
346481752 537775155
491587276 895576289
622201948 944914118
793130116 969787221
567951283 779674121
41300064 447790989
566026664 770759698
490288529 903068860
664572897 984695683
716619723 958011751
237833340 519074030
292293511 736296497
172546900 739202085
620577083 829774766
754275961 958318154
785759680 895475400
756262643 917640106
142495597 943515283
149704489 199075105
544867596 820356793
48253432 463146635
252466952 678457426
539836771 694615408
96137993 493661216
344164531 404991399
340074799 733393250
867425837 867439221
67090971 132106264
38828692 276780709
359259833 684795795
874578972 943778658
91759087 881668410
220143005 710072603
330518632 689030869
173541273 694346455
594258227 827837862
336823500 372577278
35069665 172293023
618815598 750434605
736692573 897965421
309594112 429601398
588466752 919266233
614483163 782482484
687722477 742543100
327409456 695154529
470975290 684950033
335339056 920231952
344099398 922064503
652713132 742605441
1211491 387428385
916120254 966707500
286752441 960512703
367259567 455621350
103147068 149368784
862090114 937435132
156610579 345273405
249802822 567860277
417512309 574347161
974865025 992350623
15479720 26861103
219658199 728153443
382752875 889044784
936229267 984412100
458931215 989339578
501052689 662114360
457149686 887044287
266092742 613693953
854899447 962149928
397200449 998614132
179977420 670017334
256064103 505660752
307393354 941615572
799037852 919802014
822494504 942455250
371302118 377906035
966238081 979924800
689564344 995763863
929557816 943874146
678955911 733196603
587247 672914303
29114280 730122476
286118413 639748310
102155430 922334939
306033349 435620454
679989738 924834114
701574622 713835039
389829637 659016374
36093191 620043886
794036382 956884743
94463190 982671159
199265008 897873991
169896992 387306792
548705282 690907225
609255093 979729159
708139357 763849031
531538336 961590884
885950715 889040706
771300071 885406573
88355926 522119891
218571868 970400364
849480253 912934709
291701076 975989939
752121646 901763490
183089223 404345796
328731128 641801868
812374474 924854343
167043467 441926623
605689362 984657190
235704671 634269674
70890296 876390830
286038004 544290959
318652225 826948656
576853527 717664718
668239201 727112247
95388856 404243804
837097209 852737149
497670323 629636607
339304250 529653909
81209843 843643338
181984746 882668375
476339751 741978374
314314717 514248070
925824531 977885548
364242744 481436693
102557552 495286542
811796033 927965426
521627089 948172658
945563543 997186933
978534855 995017236
232865250 790665559
20078654 25770117
205506172 859652976
976622655 987124092
228848623 752296632
486091331 936771317
151821760 653717343
988819828 993023699
954463964 995902410
357028278 879268102
889517574 998067787
391900426 622201644
237449853 509179525
814614702 915510741
351526016 850765761
324539325 474179009
880839202 983860524
90612261 726875310
130016148 403794709
458446164 696292230
524264243 544413615
597426649 789307902
846257403 996597522
318010194 953694781
706460429 882217047
319303471 558876898
266519903 596143109
389265227 695870240
479874869 568771862
974495793 992437576
615664338 757437705
55911078 487568475
565456824 897691794
706045546 818838501
83943850 723904408
24697745 234901025
67230851 189982084
695565893 817352181
912390763 956828549
906276529 989995027
423107086 951365130
184163869 532311545
534601236 961528606
409693484 611872954
965418638 994304116
79123067 244073892
635445528 887848014
446381146 695186332
329906938 882145597
704641076 775971078
627454070 755105119
611855217 612498905
973068280 978714325
676292699 741408077
649667072 960161250
164844789 751895216
579077189 680498905
648373859 875543748
678351925 774313643
335006367 701931122
715706168 996284865
998916695 999541834
209473396 607300516
611942877 875260861
105681772 408930840
382050249 797299092
889177205 905033073
923801684 995312689
11836689 247693722
994334067 995388585
219053349 635744938
268651891 955469312
296986009 549353147
812364883 825239742
793638348 871368104
540771742 908017641
507271796 872444368
351900927 888392722
339873355 715228056
417803102 911969236
893684290 948381957
102345923 833947833
886238555 950297320
517904551 966600311
280666150 384101837
213387018 687087081
970554084 989544202
393129726 574941819
815045750 998711625
281861108 405396635
315593367 874889678
883774020 921312104
723221082 778591252
872841394 970642118
865569029 881265225
526587756 644147614
597511123 801983586
67604392 934297290
317582800 581697944
850323468 898847641
78338789 964070896
85848890 293434034
613801925 642425333
592699510 604723588
332616729 849090989
845829777 990163906
900483881 995964386
714546523 871575648
336780014 845751787
802352116 956286999
470946393 793470069
18203354 952594405
161704041 298593612
611675356 631561891
167059834 543017297
613935927 808232371
312135335 774376177
861474993 974497288
271347514 557169778
189004296 387887349
270986861 744186401
36812407 89788916
978464377 986428612
604594579 795503639
101394865 607936136
125397385 683936973
956477300 984250259
365386313 665966863
897102280 946379981
352589243 395330315
864492562 965250013
216584526 491567327
93914073 265888828
875215747 991136469
625565098 915060757
647937090 874898196
753528183 842367682
663562657 832564722
470237745 694777839
782685389 938518796
347132018 669687270
578256984 942719000
797424070 992338214
948183705 994720179
829362268 999875578
661343881 990316971
116194897 372515992
827328085 931088310
25346042 264196856
152802074 276279960
653492820 974101474
307881572 937416435
602804187 793928193
173156886 801897070
107193871 710198200
947888577 958942972
394157264 862008647
220306050 399336942
319017697 352792656
609339954 666772398
414757270 908884304
433429966 551196957
423626563 424861024
876291106 882751985
570318651 959152390
15315737 77847422
202971190 797736142
920823503 952956771
431033493 879901850
399897699 935299562
671101525 787191995
649157451 752123656
587790841 816824274
276469284 282161088
89967757 311441068
647061112 920261525
596102578 948821971
979137189 982625119
797957593 929265692
975852066 976623902
125971238 566976159
609797167 623430523
762475231 984629282
719544332 908720314
861140668 905197252
678521779 728861491
979158449 995869739
746447686 892944115
628422767 851343848
411513637 767120476
667998076 789003160
244718728 645902075
972084465 999049816
438124748 547734676
432586091 501293159
238922475 270836740
200618102 631723038
856732085 982538624
718635454 803969340
844070375 962058194
240751981 414830106
443995066 734052974
123056448 286691487
355016748 696962368
115861629 788335192
583506476 782471360
400113237 770102402
478031046 646992327
964467421 988499338
773212139 844129326
806726203 856946428
881168600 937908653
160536964 575976425
101441195 942003975
336362023 663226189
644485595 957508713
381419631 612387356
802723206 826561314
206253808 295447348
524852123 593080906
769184052 937971309
155720309 707340434
428769772 558140418
929637802 958228689
96806403 746897582
86352890 118394637
206020361 804153210
98354816 728637003
793988651 809045252
817348021 865033935
312128017 360816008
817908990 977908217
326673157 880918405
709960421 928054491
119108981 692853303
912360067 917128145
26503374 476606702
587736386 613772327
303695763 943559130
29470271 252895756
644993663 708913220
68209015 230113859
937209723 955973319
899945517 911149382
589808644 680025819
22720009 910499000
99769732 851270696
354257288 877504964
437224343 728654767
798225516 840520328
565213517 920875908
469249121 601765082
606341018 917048287
264520142 746620455
609329918 639841002
383763108 464140439
690271773 749997185
232984941 791008242
502646178 546030428
994255457 995772713
519698209 627436338
366638402 870229292
578065419 787608114
634650845 995853320
155171371 168104865
799628785 859843624
744336767 921384428
409886840 842769812
842611001 917820452
950822367 998821170
892316915 983527465
272705707 907957764
327645757 788785323
897556467 963344025
715618944 856089558
882959711 946387973
831836875 956448274
128576031 805961723
605082804 790106255
357535142 444849785
842772217 988679651
873506802 923835906
511374202 741249661
794370904 913876024
23686207 350167700
379387079 561101274
169227190 286859033
941521242 973362612
295176321 568169696
718486621 755157865
997218265 999257568
861292193 949967189
443641834 744985792
764341266 783693597
756703673 969408926
673309549 777626107
931684077 957074738
717139571 921775049
236756422 927915204
781184324 793393485
122390822 142873150
104303943 939355609
778697130 798042265
875436974 905867526
691434752 698069955
916679697 935183429
647981387 988081050
335183758 551548667
986460527 999149468
241208724 666222227
939726851 954059800
515833405 852445944
827226967 909443201
323723675 707785074
21812264 613387858
757924380 900183697
156684001 447792876
364895526 404721508
568484523 944227296
403705316 721656618
773926091 834514730
771397058 842604170
219151909 348911151
217201091 370203374
97449355 488697548
122048807 443108962
362516907 540146581
230494363 699278519
982422076 994267536
989050189 997393905
899036901 931059252
190302081 582138643
626743204 753766522
962793760 976257528
427174653 575194309
943179975 982801759
644621062 705665152
916636247 943436174
683815219 746027506
231227930 320486396
354139761 390083382
328373573 576466571
463462228 675712993
827247322 982262451
115597041 589141439
786069039 805737826
243240949 974682888
280193877 316204507
520480012 668205292
375637309 463013490
518461586 967278087
471531949 867932212
5446991 966059035
134270716 506059413
4492871 164183604
424304229 785940404
939668460 989777475
733380524 963855207
540715263 893152142
868853158 922487259
299748588 691989736
626087415 972636230
351684358 660413308
544542697 671117753
356691253 485059578
19699357 683807797
425968772 572259321
199667346 962476081
862492193 916853190
111799232 416901153
526538432 712063865
533885149 569160844
839115318 921966188
343813396 680861063
338375304 874564301
220252936 383304835
191260466 771863065
41977740 839311269
586608189 887475841
118853866 679186998
613254007 910958283
494092322 850382446
932590416 996755371
333003138 867421509
435436191 688189469
393404656 494151864
718445523 949805589
43183621 857942189
462809080 525907179
833167841 999428010
142851452 943166384
102437197 711793382
205431369 700254461
66367809 140344968
729143686 943647103
32184013 752626292
613348432 933762683
865414059 914580657
630852782 693941916
510947777 993408828
942128343 982406561
160502586 321359052
411247000 816693877
118401416 344866115
256655705 292609634
499686075 668929277
315161122 404988316
53378403 973160863
875149995 941188986
776570837 822283951
595350149 635896369
870729869 958926047
744352034 852501146
613270055 919791832
549242761 817881654
527116460 642524862
346666628 471124186
911009372 937579175
283549708 999245026
969291322 998648882
816536398 836818598
381455387 464995870
499913035 542143382
560903784 956712558
724205115 900449651
966993266 972618629
543316834 557757226
256332316 892185139
286219101 561121459
152116376 375923344
763958927 851286845
684496951 855844729
710941868 877328960
808209887 899928824
865883181 869023973
27168548 924211257
10471193 41496838
673731901 983650965
481462827 946981875
873305525 939180184
179378556 947282057
751857008 781289676
612068259 746119216
229613219 272608516
29645073 435221113
798259848 829065438
645343785 853869096
987691038 991579216
28664140 901886791
407799856 686868898
42263847 349721867
455281756 539218880
734567419 862043946
958681607 983768052
126264430 497881686
866384170 869324089
702736916 756811571
291144130 587030410
309235689 801755123
379530450 657598128
221658270 756668907
136211925 467965981
845029448 892329610
677296992 703338419
674058629 923891514
162682936 328126021
935632019 999685225
563640624 848525115
945378962 947400066
468380556 700802312
996779535 999856254
676908513 879779426
74282087 203966329
563145932 939910904
841024152 950096687
74578884 560306301
134634276 283191540
760641660 788644423
242966384 723475713
762516799 875547834
865448178 984450927
656044999 928470558
496522161 573379825
752256929 767170218
987916382 993040420
918006286 954110888
790137357 972136607
366010651 793300878
184126426 254488312
761132480 852758186
850732211 925508297
756728778 920668530
141076921 559590122
361730393 459564954
821232992 882002603
755121640 825402429
891435257 996332692
238578454 897988606
610534175 835002431
980948732 998286307
76774021 423878561
47895594 443815638
122961802 209239699
979768631 995413399
175273065 208960093
305686057 312529996
192310362 547493210
189739301 361702859
918999441 978714718
134635741 616589333
779779138 902039428
726361655 732460928
602826937 712277771
445951142 625111791
691429687 969666317
694082226 813589580
32239885 653880927
270870884 319670427
40322845 628627142
171191666 396703541
425856939 601727079
93150214 991431332
471737615 659448480
939125156 995452097
665700411 899039173
338725397 570756831
888930452 954870803
182336066 476602029
484310758 787089907
229133504 955260454
578025373 578095126
169187639 341726063
864275080 949799648
464696531 466602887
391844170 916801408
244216174 948512052
971192784 993587934
969779071 971455084
45425340 764016250
877159224 943283681
949860857 993647714
19005705 64300437
418596657 659013145
752882375 790798788
512184830 783286628
591086669 810105993
484347738 869352509
639232007 641741103
15244007 793483216
113228730 302047728
692111692 772997002
642630808 856966510
914228008 923207604
970524939 994947309
25537104 540391955
866527654 876397924
562453501 862049861
233327786 727244222
221978391 399578478
36082632 946081338
469010494 859819975
184702865 927710964
401230750 745443526
48509693 662064075
432000440 579475155
947315631 967449370
171644310 684341331
213847820 411172423
324468405 497050721
716411143 930201639
512443609 958227063
119941203 432488684
811542986 896061903
116091508 715272507
685874599 823110646
537683000 758638922
263535295 619061386
122401441 461756019
823046393 950198867
765647590 956521670
880165329 958005475
349432453 997195865
461308959 606882954
939464505 981227675
545777272 643794613
523813901 961900975
314529137 547827017
87822876 342089644
430273945 738118853
151919292 349474677
795868324 960820034
468936818 945781413
692584182 900920181
925253193 988278398
603592390 744783407
186036967 772516741
929099215 933613082
677824644 878662928
616618602 953783083
1531319 519052203
989240765 990832450
752339689 931951613
663077870 668639897
28866946 338430843
364798761 502890114
219015450 710342641
576904990 699228163
948716787 951109345
34234812 732365383
873896521 886985306
839929421 973401881
833289780 865776854
314672008 781729281
728187354 837981794
85425064 577670607
209179326 754038184
50236284 437870474
804408906 979912730
734021809 892118292
873975406 974229156
489833788 909205540
868497975 926059700
995160419 997083533
59120465 65871822
367835630 684149864
979136642 999689241
39222845 568568532
389594050 565970027
693766899 766726874
998607633 999353744
937440233 952214351
992845468 997954977
199370907 854706127
993163210 993741165
25481675 296640277
984813423 988217183
368072551 703698165
590443070 664832546
392167645 771413091
749591363 761024361
424367600 922326804
242255076 557025830
227788532 938595980
472112909 763166372
118873405 119705747
383557430 555726315
484236967 645179064
513623316 717191575
277916602 419296302
959106392 988613016
247054122 434973990
596844802 894025102
344444414 741318257
339225581 478618317
761378298 828958099
189737322 782312831
858970906 998546730
202510498 678816123
319104361 627366323
892526320 907449331
539580264 879335273
345690457 890358924
53210147 654012817
438872909 773381901
205865216 658884905
944697509 988664141
559186600 951207413
115343653 359169593
666589215 811869812
996004939 998209227
287842276 742664079
883243088 934796340
704427810 860000974
372667957 652672127
919691047 929581300
208538860 959785848
138809568 431466449
251514797 282923006
373959274 781370396
520554872 561554003
508093683 736193072
544429452 576400953
177198211 664641472
558806319 866916435
872685568 874986226
799823988 926758693
960500580 963521889
922711096 980477430
494510565 733617008
792152361 878475035
981274730 990503039
572536822 859899037
621683715 625458206
434549937 949826192
19438223 125224515
97195825 675533125
790738303 935398890
356047253 361501254
834514822 970329118
136970516 273755704
106048909 499513512
874336723 938321075
477818388 541392095
629160815 707177161
785195223 972288980
437990226 483323354
949333203 981645294
593350676 874468231
151811797 256132315
933917877 976590147
711193826 758652167
907189520 923974379
617421689 723542589
186160646 857081586
234102272 666819844
360477079 496508027
787305171 802326279
330989089 459492066
692460449 762126821
446050251 774341833
210440194 802833478
867641331 950710924
375849835 720693507
683079751 703606662
273984460 781824501
321492555 669057577
220606915 804969269
987449579 999574091
857580180 989064155
313028577 745615494
359484259 507639529
633745418 814222007
427733673 724586220
187069541 891702122
150637184 589992562
678851238 885750906
901587219 923898113
789821272 854286030
627051997 803910066
451405447 621395924
731279964 812115613
878531455 960284559
581812381 620045710
571670696 900237859
730963172 871919279
607022786 874695888
982208258 998362247
231772617 614679991
634015371 945430607
629107518 829988985
299027606 398024987
726639927 973007686
491543479 934256255
27329165 782826045
852664175 914791341
974941154 998216177
659465402 780052847
99867195 141273614
426968896 876389286
87425813 516100740
486816949 954790450
252024109 852965890
295464149 927186698
793822813 925923713
297599617 903307730
901771018 979982259
704220274 900502304
85530988 286386134
13857151 408422465
253730439 593892757
702921594 761524488
997329935 998843934
595806938 900227941
960129159 999427841
788630588 879627589
111517387 500439542
814496089 910287531
529452993 613876837
40117484 75719860
130714739 756229602
523256204 801799881
339379103 756972292
62740514 775554491
641061952 853692228
104233762 194835722
273768952 768213665
117821404 481090427
221829205 869772950
757096042 938526090
159540689 592160100
358473942 961413172
737675982 755894489
356950378 777632785
491070290 841041769
373991708 426771448
347746186 985630748
262665141 844754614
791834980 889282537
212820789 931890590
101935470 280999416
862649746 986174654
320669661 363432411
867876800 904823212
831745703 851486362
256359248 982804233
525129927 656292221
848880954 918154575
394371643 837669366
876769577 879603619
148435270 349030239
909441737 958921316
971949663 996529839
116779735 150978214
753619639 953840379
528766366 557788468
294435180 926882780
49536335 667544120
185551993 426045623
540879740 769673619
681677215 825457795
429377708 728582589
702024835 946190834
925611502 993727875
444854055 595244237
271279576 918839719
356660563 979534720
908284203 956899968
134009264 675557987
601235814 654487192
247036776 855205461
743299941 988297539
762429175 775339213
582432321 948114971
615746417 951597572
960855229 982622685
745437275 834260030
818084601 974292571
809814003 854669969
904739431 904749794
217059412 598619001
517786844 791296583
723880691 846089588
115262347 304504386
757691854 887801663
531009666 605865801
944722982 948805954
506443125 683854507
814842057 922175473
262979911 726682726
178896793 980571284
700017678 866953751
466187390 898901418
430395712 720810815
49290357 487165395
525359678 788217594
472388625 534011703
189535804 677125286
224567112 411779954
469196264 847032594
758130990 807176114
810499311 897362305
880826463 914672899
711622509 888256293
662050753 734320385
701725876 963402424
901887941 979788174
775089664 879319929
