5000
430020623 739788725
106240991 965634140
854195354 933127985
341761664 971182985
723757476 807930531
415166916 897069035
803981172 882022205
893124627 953517294
698907196 724601562
324746567 680059627
762834189 834590084
188951731 413067530
79632562 90852179
274202713 655391124
408163535 442451944
810310925 852422339
539519520 656859822
807409774 993772050
442703512 550920551
392753633 632034534
683290084 836906289
688872161 793008577
399530957 523391163
404881468 619350381
756478314 840715097
747867471 825428523
762073489 902993873
348432414 747094099
505414742 570135086
657501736 945878516
507737014 736220067
298235946 732142285
732850762 963889051
553355653 633920797
165901431 918388197
671665636 793384211
769897256 770475259
958204724 991301757
645309714 804991424
98166576 647974150
200403351 290959959
398556295 595688703
359842686 973629294
450913846 515329561
922414925 995206807
693502761 972149831
37747504 405160730
23058593 726166017
758895120 866902658
186820380 535360402
828475944 962891586
27871164 162411092
172681232 353740187
480127694 623026318
729626273 755801950
140421000 366438750
671171536 891462371
894622844 898092927
316836055 563422898
733342238 770705359
102984198 517296180
309006574 792216246
407051386 431900695
117442668 862876506
705351586 863211650
286628433 894858131
596272324 926539461
596817625 790020102
685818544 745227133
942595140 990201487
77537135 859924836
209027420 929442760
330026541 560489354
310091044 403099229
566483772 724809560
114611132 582772578
257497133 796672528
611487291 915356868
879399461 978505205
8892371 300332326
217458733 417882158
47188030 751907825
595729800 743586651
362692492 474437606
535869853 775003355
425613355 767964543
897066190 964482580
242475391 354158447
286846734 878012797
467134413 521503620
653578581 837451563
842478804 911691505
324646790 354482695
258010407 961852975
411222114 854508111
275941934 526639554
499842369 837386310
68306809 242524612
352422883 819800324
440665966 895629908
174162533 646666627
445849018 628754358
571245910 882501789
641531631 697594176
922145691 973438859
926675224 977438710
49251171 426584564
968062607 975120871
202002188 644728278
326192085 907513753
174621448 922196937
597083450 721769942
617091996 729015973
487299751 576171500
911393586 926330909
865747893 896575505
172160266 386169931
917069452 995831532
227363880 404883331
404497342 650044343
756196078 871065418
728328614 950802431
415713138 550050323
232536528 616080288
569337677 955833741
526256614 999748890
551007032 593216700
645573658 713530029
307737282 511575353
40804347 652905351
538678911 646927188
605414964 630165047
883633181 940445055
580793884 680530112
204519709 425069378
795931298 899809423
314443749 507324421
234601285 298937230
100923798 793787221
753010008 880506172
803532943 883269045
659341952 679194848
605340495 612978633
272191031 820122521
933828921 948337940
291634826 952286030
655818158 850784950
114651626 348426005
26508067 246304527
822959203 868663158
586105969 807931500
75374573 913233970
454031371 923736786
910507913 968160616
481890610 872741230
390107108 940623234
330454972 408179022
314792935 560262718
380516165 468949658
252976072 689096384
823033676 998553212
827448917 919906562
129929003 360642563
762876380 988511005
118243899 872948451
447714369 609994992
962998896 982494076
829326521 863164961
81920942 83258221
8922393 781101565
854000540 897432478
529567458 690988981
995965519 997397574
60971991 939323161
921603925 998422943
296616487 484181975
695493014 940532934
884726874 984552473
888122289 891010432
481785024 865798989
800970503 904960311
712204436 983662720
408612203 752807965
166360750 621407272
640024422 921986213
57176170 88658324
709226205 847671599
261121822 817500928
390684356 513725601
60189317 416174805
768748574 949868651
549918974 667848824
185038451 978719391
806969467 998504274
414798160 867486732
75118609 667585982
323848024 485346757
718451907 779040543
402817682 849133825
975561642 994152390
472778995 515388640
135130023 573242684
702734536 875132395
816400188 915212148
199442770 816351866
848237715 922673636
531146233 611380019
278176320 465315118
287644938 349874549
811034122 943272657
936688144 982932441
235432317 713921127
811793171 967869513
483581675 999545215
854751288 982981543
136670696 174011794
470120 629777623
941011388 955801338
36722554 618666896
60322630 67898349
743577185 804955863
186261542 983265191
512343966 535706579
329046751 841030208
305915846 880591541
351902764 984012163
573696373 769361717
440253236 904692445
310601819 406642797
588929064 636247440
395591537 408519148
496841024 771705192
571646479 679421779
430459207 549483746
357431611 512037498
226092224 259903981
210644929 934113821
471600965 878035649
12771174 601844149
600434242 993949625
405081812 410011493
166692657 747916633
762035182 899045394
563677034 872693396
804838484 977696552
511997596 594170234
518012820 759167778
548004689 890736431
975481845 998708615
508383606 671045110
659105443 777906146
842897517 892273138
631920190 661294118
810833605 937899303
949593651 971583239
825711510 904345111
321791649 439006734
85490050 748747979
813249245 930674712
498133316 827033387
397473458 592430050
241808360 970873907
583038476 728237767
264225465 660125403
316450471 771236057
37736235 835793548
148937193 316199137
768126501 983755957
522833656 592680607
976834043 999740392
995395526 995636325
34617287 766417783
780222135 980743048
412556763 764199996
804563879 832093552
456383793 717662984
673325097 935583495
452725269 811547011
230073979 926816361
56375227 761565450
308814905 433429404
33838973 222658286
180723539 887553464
584647137 755789896
537004022 745257439
901545954 940576115
872517444 962975303
31972717 632537320
626366027 729538660
575301736 808302833
33225923 598776701
680619080 757106341
934819174 955808843
161731471 246122965
613622452 770444324
539641980 617750521
204637721 635015411
875131616 910611350
707889335 881321500
214570552 386179868
185290481 212680953
20490618 396402362
518790886 730591870
44022694 170538151
534973992 684938133
652501748 833456451
34102739 965727807
911759151 917062851
731357248 910220552
956610160 997354218
65655875 309828600
949663457 981546926
153541274 187237996
11681139 75698131
524012154 825696767
1713150 804719906
943584494 976359329
884382551 963480946
671552543 827813585
93146095 240487381
306824464 558159890
838970139 922494204
279814100 451798745
826876408 936360488
595918444 744058818
271638468 674065779
140180377 777857643
798480892 934177592
900907755 982029447
362348058 860805261
360771428 566655939
589097850 876911566
896517546 992283284
462245045 664087000
381961196 458834630
228383074 671455527
825609009 918045415
339374963 389530646
654939340 911399001
6316760 541174322
654951348 735775054
652318694 942634189
553074804 918272706
518855773 959573136
723532729 771138146
792968691 949262819
536033140 813846457
35199643 397039324
17193630 84273936
660259923 935646231
488286650 520985551
397617325 465452354
827804611 940894377
613511433 850410999
299538849 843721490
630008555 879199097
755788077 881823208
686474370 998635339
538970810 723104766
685031414 763271566
496610236 971367655
885743419 994812778
974560920 994524113
963657020 986986936
413507610 429815398
659066527 727823245
697294762 742566915
998045130 998995952
491598634 713736581
152803559 286499955
337313997 880822031
880508587 897917144
660111819 772514103
70636777 842240663
400854836 643627066
504382724 504543257
736228869 756451042
655747874 863661698
187782185 209174011
763041979 984803272
483050970 806204244
242586587 277337004
468504911 747009017
573449423 688580198
248080008 910162651
740968036 987294712
254554180 578503896
378544677 440035416
142531976 454372095
93144601 789515560
48183181 462504140
879244620 887863620
922562267 954279191
65384445 962536856
229149541 393128238
733716816 829658360
371095680 594974527
5040899 251290255
538497456 625001851
613803977 675216038
251256864 431770799
947654947 957625974
156188063 533394310
531552477 761583569
476921994 776430366
368893459 889743243
26829136 969349696
138534916 667587634
106950387 630662671
535844350 868831485
70289142 262767459
229753199 587150598
954459134 965424270
313932714 806591449
723382576 991099234
691935440 703895361
351287938 387277115
276908100 938348203
773633204 970791603
618902676 937841051
769221758 889931199
368332147 815547377
421328738 834052082
381202158 518228058
610056123 704409774
271290887 563957819
223169689 986615590
802079007 995647564
2470079 569372038
191867272 251134455
893114575 981522312
28132121 150763140
106267908 563317960
880436485 964798434
768786095 809447639
990321945 991804130
900709169 908273143
190347269 424759953
411734611 720427663
36657079 531926669
33665710 902662402
559116747 926220515
106179128 797327875
330816315 918558894
331658523 383268724
808057707 968945647
640493834 772457189
109015746 791857491
220687050 529777403
99331317 640879250
18956792 430435140
216015744 907202737
562240235 779717750
900912768 945467927
827242149 872600312
1573260 121523395
392203166 754929350
131992760 375749824
532055974 870787285
258589696 595623377
576009366 678990680
97998066 488089536
866682143 871566887
467098514 985512040
525779494 722840179
464243404 767620904
27977133 412838706
781327627 901447634
113775425 547551715
118092964 362105227
906377410 935852452
495907522 970867531
358461955 515506659
656679473 822540753
742610207 927487951
146721009 751904254
300243441 359376972
476777996 579526071
756887193 771453381
829529450 953778217
971136831 989230922
183498198 260459545
972387541 987095712
383010819 412873499
905322608 921989231
355719061 771275359
617333370 817231107
654649308 792533119
95339577 229547878
231539425 263335604
312594283 546142831
766090584 880403654
289951067 639295726
901542743 924716569
62560208 505312178
497265929 977203612
175523324 761144482
737212014 992013550
87854506 806624190
195227233 554438969
446357044 509069578
757695366 781563883
630000522 901907472
647614421 721771674
651236816 828246923
716343073 880046997
844284392 919447684
372373045 774036363
366135684 579406902
770599759 868715137
488027811 500092283
877752436 980834750
534626368 639752094
999107127 999960152
34809973 430683664
280374661 418267034
110796875 709158828
709841760 778335672
593229040 889314562
131642116 855047275
963668437 966149746
455224995 716114434
931149479 998842317
400945738 835432601
461193638 784243411
794905264 959610961
661181072 980101940
775148118 841598841
667316485 726314585
273850762 943087140
600415335 764741332
738515269 957703859
27097930 456713940
330753170 760628318
812404402 996647092
224972580 927238445
171554667 492866701
490040880 735115355
509698819 938910960
944400535 959238348
588421665 775178254
84211238 786922341
327084426 685706228
283612975 682893495
772379167 840836698
990582245 998361605
447418846 782045353
766109127 975091742
370559760 596955163
675277536 751576300
254965296 758454465
641538336 757940007
672907957 785713528
654196442 732951695
48570178 203983553
351621457 961505510
363232154 714875976
869692714 893462251
330496062 592975282
586216869 925448679
209125453 944783671
827818014 949769716
31303097 682980288
373526328 583597714
863070304 895519224
268783561 473206702
351047018 849426614
558818851 691984443
722734525 940628027
986737440 991815868
138898840 801918763
59095018 373826387
129962063 900382086
922888861 926577439
592472665 664928791
427235752 793163382
201889991 893216227
397797309 653388744
201061434 955766156
189537960 888248182
592923293 671933549
720941889 756498485
346720394 778586158
599835888 829674968
286483111 847933667
770781870 841879672
800034837 859875611
324744993 721437271
85020321 938474651
322159398 573711765
675918240 740198124
367692398 530316145
149539259 280018328
372220198 916552667
182319370 270964263
752335556 982747561
501937451 530822269
102954514 878336906
690958365 935740465
257135096 337886335
705308350 997368259
612605050 828044729
939671452 981880136
82680473 666958187
843521957 971093511
307447710 538851762
654860764 859787929
415987200 862107607
404459604 853241022
351523377 572131559
453455477 554493694
535652778 905787306
275555107 448153336
984273599 998243618
563228037 574773698
202534040 928919980
297690145 468707298
933846171 939009530
591427842 942263576
800650248 960513968
532954098 747987155
640398924 798603124
883478121 895519328
867823787 897072826
184165230 209497471
265362459 687736280
495424574 853594955
948235611 951710930
580370665 993618119
827845379 831898327
478972902 583814002
694673432 836646209
727787739 776982369
823825819 873156888
43108233 452841147
552409401 986283107
685790958 873633746
214277492 751647256
287696124 865176967
372821052 527385199
406919152 981417611
383519329 653552691
975281113 991771302
404440986 532693983
79151011 831152199
113115035 254631940
424417247 907718002
776204093 923006178
439036043 689721459
374319329 914463743
50571119 480321480
925864620 949842751
738798733 804278346
693029402 864308729
863275892 927092622
52076760 68537477
313784309 391586601
691365500 870147340
384235877 410917259
70826482 629475469
440810126 527182571
685714020 801066363
4444729 868690893
179907028 680552205
324903505 675814827
74964197 294127491
844861674 879794288
276481625 938215168
105040036 254656722
459678461 668232348
633676761 924961495
275535583 951150514
931888372 935370067
380806899 548777411
299782528 824966881
323818023 631570211
883540312 959984622
598369892 756925416
867872011 906870992
321647014 821786049
330334172 499757756
199150312 631551895
167700786 391332222
575144098 728543981
950254839 965150402
816131463 948742671
343981786 714682216
984463970 999192656
987877807 994837528
898005401 958744044
228633346 304776862
585276144 685923733
9571478 212843291
697616525 761631422
311575838 932939976
795281892 966257151
713139727 800903437
906340059 946155427
865852047 919284582
948706578 950838610
478523789 944120232
244099211 672012797
262374774 429483335
347789376 858308117
708514928 984277663
565021781 579567243
960967478 963088729
61868368 768585848
352256284 827694704
8427429 669680153
509690853 709803158
147469308 491812690
526320691 583604362
713137083 725099679
941130322 981760560
707242437 770091490
396462780 674381677
672904285 992348998
66051248 150830926
96883884 977055651
513616910 994957450
831479252 927493110
957403689 989792467
311062541 830607839
182816961 898640125
286846571 747021301
421678391 722654524
688297943 731812512
414852029 732645547
324949284 637527036
622794434 758397145
766704181 907279752
421536880 641107690
610403417 757043127
704767050 789770356
239803834 918390327
362700033 516374257
207123337 368620873
339753943 537465220
433123525 863012079
874942235 978348607
424441191 529426141
130305736 732558985
910875055 972359794
981572971 983436798
453375268 788235075
936903728 984574660
67427293 191637552
453667017 852780660
716666018 850643919
165323280 327805699
158664976 738776877
744388260 859998427
705162184 760287323
640622759 755444951
890531719 906416553
474387167 987885211
84798776 430735684
409825990 614834863
34973285 445995635
592540892 750494541
838730451 969756175
39453868 132580508
366627538 808142563
30008994 866081697
553331740 638509781
891787447 946365350
538188729 913301976
430316780 763090444
712401736 796576512
3740190 266596840
176283799 248573109
677474401 812911558
108894178 733284989
318604623 937186871
613688145 930221823
219212549 352200379
781544707 918150445
89591826 310184223
45222861 939177203
183899820 266732116
312091824 575619572
314676103 577488980
921040108 982417743
546228744 981566977
38523050 485746687
227861034 860697382
242912979 834385096
75362539 153190575
355757575 625288902
627986697 994045189
527375276 722920647
493811051 680277203
146426960 755392461
210995464 808520879
792067192 908038124
950321141 962747387
840832128 875723464
547548591 988542839
873007445 908711476
316295371 687308377
33574290 751812834
254055991 352771536
854634108 970642983
229663221 285992710
987908918 998320007
85625346 364854321
369861836 841308430
760275287 778631178
652280130 878818195
42831529 309336363
332829359 826412687
740371651 838177998
181451608 772218377
950426482 957150453
318888706 818938501
164674283 731624480
594448147 679997034
62179169 820614251
348677187 752799923
326239687 949501055
585268030 818256547
486521230 571022403
97181325 180796072
623646777 654304549
573715389 786719801
465927927 701691597
82186355 545657203
106199942 471183463
129885556 619196029
356691605 962296570
21431093 772708882
189567374 507835364
186143634 977314841
485167772 591107913
259716093 499783856
948939677 951983484
215113309 419841044
650240690 991270259
880378933 956664176
310696528 554267570
168206608 285510917
259250075 453021117
640419367 774484457
548173839 883083736
505455531 723867862
749890305 935774477
722298059 978645244
238678368 613730607
435120807 926586896
597966658 668312251
609686179 766465347
690898748 703370531
300817978 460409629
664062906 972779858
10568124 45789276
600891644 875583952
480127794 986999391
972348833 988822238
132595774 303018977
409547698 471703293
474743802 786638349
470041957 570518862
682625141 806364313
451252742 780474203
693464425 762217960
951882484 983781309
217801274 496364268
434714688 460361291
139313806 763396460
578547727 909050302
663555373 795987435
296767860 421110314
889467114 923211046
181138539 696447965
299774027 854311601
533544774 783357598
628407728 831701497
394801321 597087668
302255018 406702129
321330198 873638133
639093987 777171902
961794390 966122121
773003551 859535199
490092752 703220311
496025440 779264680
462533147 490519688
774080403 911853970
737597797 812610841
192998888 675656959
124241736 634098234
954913242 961505065
86980440 366225267
373612940 675705054
773378008 859349240
358834463 711456775
284126423 830002113
692360226 735107101
792665799 903833907
923365400 956717442
645968819 967743837
60896399 406011089
402407609 479980434
319205782 335973211
427433023 785897598
1025086 663351865
979232778 993181044
724870534 918074421
127924449 905607628
829449795 836843956
890821538 941157962
449079392 676068761
644070811 865402822
927412658 990176565
140281423 343670500
963743552 970824433
915328764 998098889
342219934 735641268
999702372 999982462
419911605 466283941
824707484 983472199
732988259 966042270
644340559 949110540
186821217 311201937
828111676 847211662
337478832 588234014
968724260 991380709
826894344 957776853
332740636 987556492
888401626 979044725
687470614 843914188
241904397 381457567
796628913 863928613
547571639 589384141
490607911 851128557
839393183 913694603
285753408 480765835
969506629 979903391
817698555 927738702
383816118 698492925
743931224 757931245
709940342 841527119
758956609 805434218
406086875 829473732
695851926 796942308
174465728 566500423
647743593 819351926
338572211 530060209
158441026 334792585
956770176 959567561
349901336 644428239
463719183 953417618
280536479 442618958
529928505 918997010
59058769 292790127
624757806 939280160
942745612 944048636
207784816 230498612
318469938 331340781
697927085 953759241
881194641 997744832
502157742 725852634
780276409 910237975
658052013 961584801
675864805 931068926
559158862 576708758
223959239 594395428
53326376 964545844
182779281 262038190
527988712 586586110
532775549 583960958
386512210 918017444
735309754 819617584
802169085 988979713
863251448 881210281
674176207 701003056
48751977 510882958
756767897 857658505
361164328 647484447
74911964 85306855
936942539 956086632
356157862 607097395
246097437 945613943
167019941 903886752
519267044 685910429
30436663 828370423
479693021 524315139
161555371 464559105
409362887 878884663
908546231 977539282
602988955 709944173
117717989 867498685
748888366 990950530
173124098 847816702
676350103 742254340
710356000 891737230
712757319 818526319
887759030 947870796
745218279 858608495
475162132 519942019
437237803 734514768
40219865 288458577
640279198 703907677
247613310 862234494
978089310 993259599
348878777 939440759
218785236 401638395
562479581 724515263
455987055 747344704
211677342 626109470
356195019 769506288
918701270 957625743
692597089 849560543
917667791 950597233
402454380 537700477
297260445 379727980
914440010 975989614
492800650 948184075
686867972 803390015
10309360 933266260
319590264 682548002
927453388 973028618
733267411 975729033
189079806 487627426
695194328 938735531
128361301 430196156
950763405 978774393
107949689 469660998
650116953 738689761
193336227 243318336
182898090 325946645
50304214 505005108
565170258 917044498
259112124 460688150
536499605 591541922
330347631 502813992
29174843 129288797
757503155 911955884
422711824 754218691
298567583 672680429
790465560 817523859
543391709 821986617
285830347 851093707
924031936 966127030
132664849 318629144
53129671 427673811
639986438 932274344
43572856 239983243
262311963 523950515
536028368 918558133
383406917 793713781
459881790 866809879
367431077 720279831
880897070 892171416
689718256 799671909
672223150 787117673
536986257 697258422
990009081 999741454
178756474 208699442
795401477 863470667
240136534 557618240
731415829 961307954
112765653 230215420
309438630 506209524
406918064 450651952
953206756 999122289
647962936 684917395
502808303 953696343
246675610 469873188
676189900 842249897
487453149 834950526
10088798 517027898
857163249 926720043
89724763 974610612
249475136 373952257
569329518 720730468
881996987 910882311
3291627 622710090
893118560 964582280
225137034 821448822
294152425 865117717
500754996 755126862
89023184 394270110
530688084 725593784
538531351 861625985
185490196 562043280
553345677 699975615
338819368 679874850
948534465 989918189
141894480 420787889
651126754 886012999
183886403 231845670
846712195 970573535
163570467 239943624
92720244 156829180
962652404 964300542
618349535 836362689
151798192 703874072
180754207 982252797
343343289 606017942
598446122 823051594
546800820 883770910
64478066 105781094
867430149 992316490
581586773 984517066
207599042 442962593
848301561 870158110
963030141 984540129
964421478 970909664
221542846 232330212
587074799 714104742
579753362 657066921
630393947 834476632
636905603 726994889
9904524 610132208
101619151 553897386
30735314 581627645
357566060 697561936
674085645 898958799
820369423 917454983
18199234 728287566
702029611 772771668
302106812 609348572
271891485 513048505
269765028 618122783
593823743 846280485
586421150 683370808
68579406 584496353
607453895 879856226
959880042 963506020
530046666 709803041
924812253 947718573
199313174 217916784
399965255 533464874
324089939 393272227
34286627 622632736
4505187 129931285
351519619 812903408
177911296 413203719
14772384 390952882
791769444 889317551
81792467 426804245
624177647 817477844
493007657 671168397
151301311 889079034
408692369 935787192
409518497 645130794
285539045 877385557
593250834 903588391
549218482 927510151
544659540 898389554
877013307 957793967
155635633 395664797
719614670 873676542
547290101 941145346
225587988 580425747
75075677 876996960
507151152 606363799
472118924 615470698
690057474 950224168
116397446 520560313
471641717 839138428
495617908 968305973
906933643 973240173
358338760 876745525
800013899 987998940
762519375 802462286
964544472 969691489
329943885 723347892
443437221 503608992
544817586 589264610
451654618 500229906
207478368 707007569
385819109 694691844
760299449 859643064
668142890 695058901
977557627 986388211
219150107 560323298
696853616 976463412
977108059 984080520
436651444 827868691
421847893 682461689
290326315 311925554
302745870 657419579
783091236 877296591
878883314 913070128
184196330 761476049
509885404 694029354
344778812 596891304
712378409 933860038
962503252 988224452
296635421 798221754
100132128 248193771
130740776 680252857
127016193 245239614
108029596 791111935
471033041 573603747
651952026 754663552
8882034 152605376
733624500 747120634
144906 715018091
456407073 956394358
9439927 448204270
366540695 745100557
533722109 961231804
896959699 901822698
734434017 859633737
782992793 826691893
287245184 728136006
255288706 976613852
351148757 776099074
400899790 608951580
382062194 445693268
244859637 265964834
901819471 960234543
371069873 671975007
442850489 503885275
533504047 834774713
740587753 999285885
954725100 967808833
35590 923250647
16063795 993313016
748088325 890062388
404724757 673089719
941309207 967875492
847033292 871289432
97000890 323823290
956459680 966443158
714784909 739998256
559850290 849626983
308339711 799351319
350373766 359971385
937135780 952016789
315285168 396431406
258303307 953295978
984583599 985148837
139187458 897865132
440775905 494341589
864686187 880049338
477610411 704832519
290547143 953977616
49340331 207937991
621364008 987629850
559022274 920712736
423885856 630118323
726705885 950486324
661140139 864873200
127434012 218926937
426107654 560047659
322075841 475781171
948754392 969586101
698967834 745645850
667355726 909361865
39360342 593860049
613368501 842408924
598814255 932448683
574683687 652274723
438189695 612694432
34353178 883546655
63390515 904880920
957916767 982765954
819963608 893642088
448086709 940004621
332363312 789179478
986221900 986724996
64584373 922998850
341440899 598284799
288370164 943458359
920544271 941964544
618847787 787865826
378274544 782280983
415579632 620581306
904035083 921915976
909978796 910125704
888428939 893121525
386956173 588902743
508747854 740597002
792145011 867691808
638347838 701878756
138519141 156622850
484643443 843359909
922861987 944647742
60250386 651157681
712714232 897044135
13754953 398930569
762689449 868829856
490884912 982117394
851075441 900405011
154431966 429928402
365998114 952633929
906806395 970271026
816983931 990790003
344447737 483159298
589967515 873007240
87824896 125221848
950315953 982267367
611016882 621599334
953944712 986464213
708932958 967984094
158123236 226082279
114124576 717213817
289049632 961841087
172551188 173126748
825189255 935021259
576003426 693595689
916566214 918673998
851241506 986587508
896691761 978501084
234178132 494363030
806960089 831600753
21936543 829899305
585581917 822356410
320633281 447904038
457438387 691013266
476415869 794617065
538287658 716464015
854937129 939732351
43375602 193617128
672200133 955871343
338453876 783416905
949852634 976289138
662236170 918523267
175793884 420022448
943670577 997049033
977020905 997788492
212590682 454093623
425961358 454562373
306777296 439586840
291858248 879694053
510447303 606069371
994819225 995479556
940066015 945271686
295888860 796920116
651661247 830597525
441746130 767600638
806087684 925393089
296691304 401858351
538123143 773818044
901534531 983321373
633094639 827351425
691868132 989237561
585532851 681127260
618927651 726699617
678686291 716211983
185279479 609991731
584781738 775613443
828522622 992654539
321520427 995412614
551330177 904446070
499377717 792177194
15817056 247931073
11373753 100825880
658056529 902477301
91729708 356791205
857143690 927216922
43553177 675671675
690296230 897001263
347809226 965860544
912958265 934943081
403866165 895261328
731674369 947490757
695419534 842068285
551745117 919108160
313259982 318221049
507582121 513914641
710161218 974573858
171406951 240920159
124511605 128275598
42568911 995317654
239136085 722376546
982078482 996853169
149198512 205514759
297109966 898976490
961852503 965255443
883706304 914647279
536636065 788362233
303583593 703334163
61154592 812912432
656652870 778556831
729463751 802953698
674740876 952263880
890864584 923706926
568606377 637276957
862833686 956726020
152884016 695367987
116222838 276424450
103471520 379190619
449448003 950158124
952500632 982125023
754256822 761172977
449137869 453045220
672044792 728275592
136006792 633525944
969258574 990132499
394979302 589779973
807972800 917068079
942997078 959191809
407731690 895786027
278060659 794977532
62636072 220103359
288253324 387321164
904863381 945109893
746466579 780963141
571083590 971500176
124969482 284061520
590427800 960230660
473516729 806403916
894164641 998253828
662166118 761195374
434162116 521834917
63218489 502834908
711261471 929183921
136967112 254490852
74813837 952920539
964674003 972244099
468518522 632149101
123528793 266403176
295644171 720096309
41983281 247656001
165050234 474359933
879601715 940101350
310244124 652520308
215918476 334170994
464353783 770146251
12543450 346406521
742576458 874414958
608158991 931761279
572149781 783432163
113936878 748518535
556613773 819237492
566942886 880569796
750868781 971846058
828089258 858100330
778886920 831952106
648077815 911000971
916895379 932237243
241261896 796762940
132011623 190294096
748400097 865922105
901349545 967215363
951969587 982028025
320220165 818227638
560298157 979913576
173027946 673785810
622710302 874756187
963708568 996747310
488106690 815091316
755071585 840062357
773524487 867133526
445514253 933773352
294219787 579759925
571832990 671069650
563851969 596734452
174247838 841721819
274147834 554821750
880072307 979840774
318589221 967895190
8377460 818990287
211618803 937024140
990080086 995875312
455957789 485675092
903436133 991473490
181404160 680706962
244453541 628144995
263932706 282488965
208654822 243680137
707949263 954756657
194106394 837790675
298260061 607408992
188472276 461763423
227107373 992074750
850773328 999453255
815542381 858299791
482326604 936076525
114869834 394995516
506003774 722234591
68488460 718875268
767572264 889251499
960950718 961909053
211767907 260291145
984495910 992410502
280391274 518063307
291637446 292246257
32740176 814088736
924683283 960342902
602593286 640313502
306582551 850937994
236374476 659117592
496922316 906793513
482691412 668852845
550664304 931497431
150472234 383785233
659808116 877630450
282912506 967528833
685809814 954727253
710357425 826409302
855138514 929466400
74047339 635286637
757870172 979122312
419380448 420882837
662625624 845056961
398102095 585750100
185872835 920490499
257173836 340262919
229035647 946536792
103350995 119780436
36837272 414863542
519262054 691369082
921619662 981829866
204458841 464353231
248400274 874328802
377551143 596705966
761977528 772115859
108584578 163433564
753272913 821163286
413568262 857840781
618317953 956596926
957649148 992181934
566829606 807462850
363702393 430425696
569149030 870598024
612615946 986982737
494990122 940155622
740006298 788096675
329051360 686570572
992821895 995539989
136262471 477595394
218467745 735564334
924113243 963885103
182791829 875537308
582582536 725651518
357310033 736176992
367964687 579762690
699755728 833219951
520327756 825008021
555522038 913812866
386386095 400737024
999142269 999364708
699384910 938004401
673018250 821691611
288265862 805647709
14211243 523167475
101181582 380361380
792979211 890224033
424481266 675043339
146988175 448057180
955024058 988087432
438741909 966864208
62129208 394929321
746909910 866999778
958241998 961129256
893169376 911933226
180186197 984760011
85667667 272670837
274503470 532236869
353736535 601611645
493092835 685171176
57275546 592833729
872424907 994148299
191313747 454124525
33237557 726797154
918178519 945891231
821583890 827362294
629838942 960612038
280435393 723820779
816520903 988539280
121081013 576704791
683971499 870051587
629681370 754391207
617313724 957361693
524291827 843252019
535304125 814656309
172504762 506054411
763641113 831386812
209887176 282246783
399192563 524729798
122130955 274424133
203619697 330270066
199381884 288378843
197403450 916277915
611926473 786496869
895995386 957406694
828116039 873191737
964939042 999324415
439478767 483213021
161203129 570272345
463475071 561213468
963018812 978164719
60589501 796504619
694784476 915235573
840275522 842696622
98553337 890465578
583569311 821398020
484850625 896851444
265663585 337307396
203247402 693676593
497227055 953261171
788444004 869018099
706037627 734407005
324512206 493093481
726806354 797777110
533336869 978346801
246715513 695270309
833809386 880390274
51613132 649857819
902176274 915256361
674935080 757096679
500891689 713127657
614857907 686887078
722559501 755202236
318427953 819987433
401209558 449406645
141343786 336524583
588971637 700248402
375862754 662388021
759533711 784519911
755252113 852420819
89793125 769598940
195323275 659979534
999359620 999504846
411842266 580846558
47849767 783801120
273839742 903709842
910020324 924733920
251981719 451285271
209349854 495408620
817665138 849322856
12883901 756730195
219337134 750260454
174916961 737975502
113244785 332620952
31847064 214556648
773312029 774457891
944031870 972775065
75912635 234297427
542628685 653933138
770088660 999761511
356052074 475099700
447443263 876872056
785590990 936849695
181629827 515211459
757261119 990225373
607667759 672219737
111591414 221659605
465877307 636930965
117178163 345374615
980652113 992441315
222376446 366122205
573114371 798629399
389160509 931377809
741703008 869711271
182657330 494035581
548808102 794696127
480158989 916118595
40593789 257654923
742068073 866918269
411740123 599864442
363858205 473770628
555155934 693082375
33426883 236786207
21254786 318009050
917313548 978350408
402514171 907344715
311384756 932190208
919328189 989434590
606192683 664684165
579586135 728678130
298495032 517688673
812296494 862962107
777164735 973928841
606859809 809955793
175836843 957531508
354964293 728939453
85279158 740104136
897010997 993153135
71567858 593730233
822683035 839409570
159297827 214712606
498008629 508492379
507831683 956150702
838826867 846686822
568984053 701511378
668343865 879859645
286359144 753117705
701934189 981600751
620026546 995833248
648366298 772306063
305460429 654545084
119817687 723506011
365689478 667147506
658111353 972605345
211765109 636027672
645639163 711195505
937155263 995433924
916701218 933618223
91427638 719651208
504685125 645816539
180170193 496723669
23461818 178932456
556997920 696784452
610103756 683172643
724513819 844990725
958980731 976081957
650799408 770536598
591787458 716531457
512914002 558506396
903069062 913247173
209596450 590544061
369251789 704294130
39155866 489148001
831267423 853323414
925454765 994279402
907529168 921737293
806009293 966108186
600171538 624196663
274145552 672220672
590081194 923181127
593285370 739418002
688800401 752400100
814381991 844428773
798485806 878817957
236159451 590458337
765231764 860561932
93144021 819285664
486381252 737895091
317518677 893589081
604364086 789323783
900728627 996225985
201382050 793649843
806706420 965979948
691031356 967393851
357050371 613509460
333544824 947274051
382766731 415015791
461918577 763904220
317886655 705417014
455796671 723547338
780667484 983748953
964499232 978437198
571720357 724905592
929898085 967715324
308749634 728478436
653065714 948098262
221763841 903111587
365515294 925344210
246686063 630896371
140801548 474004108
276714881 881446827
972959234 981057036
276371564 798644465
619365773 912676181
894269096 972136821
221346094 607118283
181573936 809444223
488164264 958794303
170930572 311402929
427017564 967222994
381228291 643190417
109314924 975814037
498612662 624228462
700352719 805636185
18270248 823441024
99610375 431438398
23530119 324557031
315588501 597670269
606588729 982387581
505526064 610170077
299292754 952773454
797157955 971396349
315272045 628498145
636457533 814777435
553321219 623335139
778585553 841455384
286636100 313030258
552902086 747268318
941712204 951233281
741683320 767277417
782527126 837650867
386191669 858029390
367242245 659383980
736493916 996435625
781602763 862720013
23891372 696832056
315519223 653757587
708356151 907905984
133579871 500841402
534970677 686041220
418047228 681908708
55415072 485481838
463859127 854093268
512391952 837177442
82753988 647500421
883494674 931630371
571601169 783698195
527923516 651262286
844746267 849588174
82911890 744981338
421104630 547207671
573502908 688442296
942096385 957965685
55052355 154092118
919678718 989605475
755622703 838996244
382310994 758974756
913574813 921760415
588886993 889843180
215253487 491262682
18149800 479560161
312177107 824577181
159527528 311517078
195602588 919332084
854911686 969136506
31971364 624576246
390198181 824805061
515567508 803746433
110341850 147149280
413515746 655807786
820859289 842936555
758552717 887520573
311458837 737578267
78976087 381336239
6792386 211168002
129028105 378208186
621155138 647548696
28027590 485444446
902264261 992036505
498309917 760577126
587153155 602397453
749123650 851725524
868198737 921593079
237035467 733763297
19833956 855510313
7301018 412207061
35525861 520717701
505866977 527798708
562963513 763208838
350345790 479408093
698330050 973280941
908239309 969635836
260062716 278047124
781741757 784226180
493528258 606808395
317508467 928478555
487366129 606084642
570859286 970416548
479025974 558897899
734179287 963101335
966218659 974243422
867646027 972598424
854179098 910239709
23634499 30431986
782963611 910517879
750016847 892444341
812906341 931142752
751063262 838690145
493192593 507657988
381138910 481019792
421187934 588662127
318962737 403136181
597654053 867043635
859069852 902975128
286563794 664440117
918303837 968561597
878805659 954780603
245051453 969363590
806299233 924896767
758997426 760289843
183301822 379832775
703444099 738861254
515599179 718362490
119037372 682125605
926727842 980665298
434035023 694610548
462079378 565973944
104955338 922482931
114392233 601461627
796231105 939634046
370724620 757546154
723775055 756452560
835767472 964804755
125666723 464444366
97102226 407855635
79452387 562203556
541706773 863941827
933231967 974565269
164989233 758125413
533241439 770608297
298279425 318180932
184206895 565443052
310217044 853898628
447368087 484123470
452429878 653678464
926390105 966702046
302731095 544185411
565256606 577790071
712352275 906331476
547462522 748316281
577371235 829472003
888830961 972369616
288005735 430579339
381132103 824990785
346227794 742691729
60693102 820057860
739505352 938199259
714009287 819286884
159335999 335321662
70470233 245198929
470975994 663219908
664075929 864734649
328450699 701993644
42485537 638596676
205770127 595435185
494575772 872709970
11919989 23731116
877497761 896245239
724229716 818460096
20072623 904615140
883818513 900047369
785167796 883561845
716209190 927362261
708961550 923297397
601674075 803621234
21433485 58370182
687674878 760094703
98069055 898532898
32526581 500483176
116235821 289153896
679336677 848633709
719854374 919670989
722699835 778410521
515553624 902619390
60600514 498594856
767630658 942092182
661753120 737086712
318272940 928570195
905902186 913777064
597199879 931939150
208661707 838951438
994640544 997868605
167166138 840877953
671823193 868871465
864680389 926191897
415925036 693494343
544279611 548490390
891269453 899067633
17089774 34871017
883546463 945545387
289541438 933517322
741853498 915602253
274266294 569323527
396955110 457051778
709403389 764644695
453681714 722910765
924419908 988620361
281900845 564762485
960682527 960963273
657975718 828907021
805757342 830842633
140997944 353181084
963760216 991047784
751578905 977571485
285962480 969001107
968459330 970703617
727014885 868359429
512694486 925185273
575694730 805134312
197187752 351693696
821630777 989883191
558576152 875123571
635576947 884099102
7004461 92003729
853996893 955836987
199293737 558095971
333533314 771506534
433386686 803369290
782216358 837865316
302538856 727489556
334815683 998557911
26354617 625840284
71024096 307322516
959479281 994923915
750149347 833400324
757078379 839298177
579436474 948229295
610494142 687582821
576766087 937398550
373486244 398143875
284442229 987795732
356400705 981354388
850242380 909443173
177142343 743981885
214244453 825609853
522856596 816273621
482054783 929862942
465321786 991045582
137593793 242106709
619123869 764621625
450025197 948588032
363023928 660275049
519454650 932115703
5260656 956722730
206814580 590489769
565381594 872534759
846745835 905534319
20562920 913993016
834149482 932272709
282159017 609991801
117846255 318097134
169282472 291171859
250389454 296632931
902056770 973888181
18805156 168425263
876904807 937841405
949366419 970856726
416791676 863345046
569285416 742268489
325344358 867038540
268402256 302089398
616034994 708998598
630884498 794393230
97941700 641488973
49828317 172187499
615578944 846224696
611409066 787743797
736751629 864962919
477413671 906482731
984421989 994102985
102651767 612470250
637785548 978226923
419671767 963635467
793571569 878284353
477440637 522336363
389667193 580118945
581253073 977653066
661568831 928665340
699349387 855521878
733086246 874857653
185210007 575344676
820948528 930252604
790984225 862590732
186700579 547205215
83996825 916426548
13243991 762473917
977697557 997497900
212531227 572129587
995929193 998762967
145003588 438469226
87528977 647420160
98367019 586987302
818406751 825267342
326428330 916242254
795231155 990307256
451547766 647338957
520968201 931322540
774186698 904922762
282425618 944123561
825457388 940172022
49740521 232091799
77855700 641472249
18059678 676970682
754918924 862720166
929470447 960181652
817101879 913501616
808824254 946128984
831774091 943132323
406488848 593446168
653650248 915114843
12694850 960548112
418506402 754930882
737097163 747113912
341176339 630316051
867740334 901554631
741202838 831500493
324917934 933350092
36804811 217177162
795990245 824381913
908268551 969450750
665697993 698430901
592122158 908020010
620949486 868523047
459535968 911252309
910998386 918392785
575070835 596054674
978939861 986499168
838183891 942238523
965527422 971607007
399435708 569924938
639108366 726584135
798527322 892396713
618363356 740426848
68824193 89020810
79857586 850605152
453601899 558171952
319916024 748418861
869384068 951904210
979705079 999581814
682969849 722551228
888591985 967489870
308791011 472815286
462782826 604231148
601741238 942898622
227477405 561383369
359022662 681100563
155889748 267091927
482407243 801011156
910533839 946036901
744147368 920562411
783809056 901727280
71061207 110375894
5019931 156351359
203153473 909900961
515236846 562268787
253161025 759891901
697574322 798422973
397543286 745985501
613958802 825211527
427056106 706021997
634114668 811431813
279873354 316096794
787526817 800749109
155485547 161886997
586528012 847549521
953480485 965153378
385447924 895699864
197982370 707205186
367502577 404832112
519265029 545412475
853456252 866993152
778889958 989794602
815519240 854639806
40561557 352137386
662994623 921782849
153749814 897564314
591406474 726294404
950616160 985742869
363049367 481675703
420699307 425305563
229010316 418909041
602262878 691511112
545697946 614663448
296050766 494419109
969364199 989388875
575756689 698878649
579038325 867930777
314586997 816980455
966557967 991828728
87432880 499641365
384515318 953499395
994991181 999594794
281778570 672120346
762553908 898284190
119185468 938281054
7507487 87754953
752873721 797835794
527967342 876011679
79603907 253247403
364772950 459739218
579193754 761178731
588431637 696810453
708704101 794942216
74651550 720503839
51778462 69073820
596503949 655700158
635519432 721015588
866352527 983643922
967337027 968356140
329976174 370182026
483827175 879392929
541476854 687837279
367777233 595327323
784549254 957669662
510149431 966906411
901144494 982216018
421161857 703588128
267560019 602382580
954474972 998569364
1342360 973314411
460375466 995026665
634550271 927205888
327177517 521202472
509562711 989523443
155383133 625850252
301567031 951374140
703009890 999924973
785665135 976606856
26143970 498043309
73103310 347858291
905793290 990433851
759508473 922134381
912469288 975496929
656425534 699558889
983289208 996126021
806382873 977344886
220275118 741298664
214945065 723639274
464207583 916207040
445870560 463470737
239475045 580341166
418976610 939477622
436901652 781435432
501495229 833172785
516509678 794128246
237580340 997962255
943186435 979980722
16941903 630059893
529283820 720308697
664091730 949708196
956524657 985811863
397474887 805491063
496633579 769747416
859254255 867937193
766069766 808551242
895232217 958793173
973224421 980606455
423970848 785988121
901488856 910596770
472785735 911687960
965086116 988707891
188569622 525983898
541852613 663399759
142760337 575316648
360854031 375166474
178011297 371131763
60647745 714892404
170959394 273898610
455746839 946501912
579985069 923636136
625761133 812308804
598808664 633356687
22769444 555015805
535377718 828514784
121001306 730841251
971952593 994159704
931095364 944302486
106560379 283651934
570585446 743058126
493096115 761622323
860677998 905827819
735109269 975018055
786390389 986748838
612310759 893093351
446359438 557906202
989406126 993002963
382651615 885601318
217393062 446331209
305336136 926421937
459643963 704026729
646515419 906153146
703233046 886696401
702047459 943335527
890269935 891415758
531291823 534925319
237650332 895040014
813497763 971219092
616057690 712476036
260756811 593224213
41059509 565198586
516595995 814694188
335272084 849706862
990775087 998649210
973869682 983384503
892778934 991287127
226882772 782880942
881358580 917685683
309206805 718839346
180187166 589774961
27973655 440814345
835706379 916159232
812788510 869446736
503918125 975702283
987128250 990533207
593262833 953816160
362647709 778870915
539375733 950770186
206947974 411386370
373366879 547442408
913636200 941629503
906135745 945777233
803197359 836136521
726642224 877653095
243731000 536970036
88291087 766955282
734621976 841834137
122584289 196579324
301414292 627944442
900729040 931773400
725029649 869810408
882993865 888613641
889321884 939476446
655070402 858930343
843346788 894843051
251652147 815651350
283494797 962203809
129765970 830350081
947122834 986077154
349727037 710620329
587817125 969252939
109149677 634874889
672636979 921157111
735796442 873372333
167078516 998438852
178358431 424483187
159853238 414279956
332505040 360170589
817522750 994876982
35132750 310913399
569643954 977099072
620388719 698655048
222606405 953322674
433377160 859035998
694247416 873195569
97883619 205672947
123408834 648693831
48727922 169080334
150213028 218527975
741253998 939593264
147067354 714941819
495310861 877033121
378985609 539724493
499383626 792497539
106139781 423957428
47167750 116480817
936281921 942957505
14121292 681083694
429946351 606670469
38849302 732813767
373220293 453541901
440945226 774036851
252788251 835033105
653054163 791319426
699851453 879377640
279337866 612534115
928654228 985035973
980104472 994152528
697639336 869399800
511477513 578551731
955731726 957618645
618591630 875479557
347238482 852289750
935904232 958907346
352105739 639883628
409350026 702606754
317115043 958603681
934379544 977639223
390902784 458708797
151214349 576761981
671846286 676650545
211609829 951662560
275570729 645463930
99056640 752504631
44462705 294486244
326237976 384152890
296878294 979654319
592558945 627484097
443434574 506271006
994653959 998495150
878240049 906208668
470834356 819438564
570126771 952580913
669872594 679237443
918478049 924164645
39927888 461735764
478513280 490472722
919678126 964736418
676151097 933111464
522369843 724650223
430417241 949019161
372650643 521387370
444979073 498101967
741467222 828121643
667476365 869870356
394629638 765446694
570711546 683622506
370509369 924101980
273076065 809895789
319573592 762125727
997996134 999664825
391105405 515214107
382852534 784129211
7586861 447078643
604534045 610246503
110807996 327837186
129941105 692238606
34344077 951934678
926470723 984888803
841469933 966659258
789078651 807751566
243434585 354210440
971121379 976222843
931649028 963037602
1407043 72780186
363080990 472181082
337212985 976556607
333893022 879464635
398808989 821189924
955822295 975746919
274922374 822988156
320979778 456918214
816141387 854929227
125643260 855483212
538179719 723911645
313284999 969696160
784980736 825676275
811595410 822073521
195698363 641610725
202420119 637930645
32505612 548047856
363045024 768856278
83014662 111453208
90619574 836143696
697456024 837749861
716549162 964021493
651453629 695175886
612854643 831847351
88202028 937398167
935472625 962336704
238512750 302870220
553866878 631928892
504606810 763604566
451040934 712482533
137164016 235767629
567127471 585059737
172121262 571822031
615895106 848387791
482654568 686672702
562101064 688978527
343047008 719618999
743794715 893558977
483505263 498123228
33340790 320281574
140008645 826918861
587306265 778898880
698507346 815748492
428234865 632994472
715712459 804809007
241210890 573934095
596967631 875297371
868864837 898372988
755055419 788382066
416496532 556322742
35509535 45531556
7464834 442244043
224999032 305278415
144485358 363344126
159665120 593430093
888340799 947369381
481060063 790382740
474959408 918472665
833076558 899533412
778599919 924454420
151182807 198245827
851889123 944322622
171956510 193035574
298098861 335142353
578589437 707704458
241573428 564154808
403957733 902811369
901909715 939797158
247510631 333419132
853551237 951715556
841222388 876494522
434398590 682749934
600867826 796761176
401097515 520957921
475296541 986772540
416151679 455607237
383926856 971698216
672887451 807761341
728931106 785291477
851192367 972972535
743361864 761514548
405020489 935396796
365150930 739202225
170469024 300256998
255646649 292765175
814606171 852093516
324583643 356378609
443281275 752934387
963740397 966470215
450105617 497641518
529458276 832700972
278754103 480328922
122145981 481636227
595098857 767696710
89812007 506742553
615905415 718861756
2104716 818290607
745379090 998057520
51937487 543789157
38244548 625264516
997953436 998795430
155666412 222928918
370638681 740134559
292899249 361945652
687461356 825793005
103495865 372981993
890291312 945669141
776310162 924570683
863425645 914345555
950399795 994704440
22315175 489457299
984772697 989894173
522936355 899167562
870617817 876643286
933115767 972252824
254458585 679928122
159910977 756875924
896041554 930079266
962267296 987617575
764199288 821074026
863458002 893696161
153048819 639437293
769994471 947803610
134427845 164963080
669462445 874053093
378738832 741633868
741264126 943909677
565597123 602326113
342162394 799587464
463704642 691790757
658873402 673090900
682546942 939943379
558000559 709742054
837528487 940663454
704568177 990454048
406284162 688986806
30378399 556128907
858959839 884525240
53515367 876209142
882548487 896675759
566095599 926761873
658797645 938416829
403539745 644833250
711259523 812676039
696066959 893928598
596238523 860342880
192671415 596422467
960684605 986588062
961614231 981529959
644529816 988509997
178187490 261290631
706941507 988062540
188903676 391150145
121805434 487914558
620235060 877151150
995332050 997025564
179735007 610508998
951865309 976991785
97216793 485906026
67258555 643462155
679379431 783773213
261255104 997426012
303020052 491731799
187707165 393590800
459634218 918262339
229232314 272864297
751313301 989822812
805985308 949737305
423591153 639638547
627166588 945970846
701345887 861036520
180345851 921739759
35009040 125364490
244831952 796858801
175959066 198793906
368419485 445469116
925036983 972236568
906488447 989339223
207375735 707630218
57684915 499294337
614812494 881884079
741125735 916937599
22311709 280532487
645951909 939970939
404795890 460847819
65083050 310713467
973066800 980778851
220991307 338566517
923810176 978867629
15756708 330997583
819676751 840776627
840307144 952064367
40832431 140657406
68061749 239201658
742247737 901981937
297025161 579429923
700032068 851138843
528052110 798141672
584874236 835040823
883739235 932429060
527250486 770735974
524807666 658539512
708150385 804174452
630847491 738882537
685936495 821884908
77875911 96162785
788841423 846836506
264270859 545452807
679726617 688224012
884692079 983355524
980531406 983953454
530145709 676086321
904609124 918145671
15209618 241024749
440147650 664793386
117223610 964751817
944720033 994124992
387950882 488631615
811868454 886407537
261847379 747470405
734953143 825176042
32907333 311899206
874764499 893266124
584000390 921868102
16854799 573011155
798780655 850588617
339693844 461470296
990824831 994541596
597821024 887133742
893151900 963506518
288729487 350519888
139990526 427510636
240467118 952307093
159721295 419395441
391396845 641945943
4687437 597351578
258264453 886614554
26768982 47990857
828377210 937694137
992719379 995158409
548274102 782420947
417167035 565021762
635506131 669301860
33120437 77521416
810731603 952018007
267404268 904971547
693937784 931529250
720604802 722307882
889806161 891622173
374721543 854826769
21233409 638874570
280976662 391198242
640668250 919442119
709037798 715707923
342484192 509601341
739386224 801442892
772550270 848273489
429521886 553953328
813482083 859065553
209317870 319556748
965666391 973857314
413971312 473483207
1144329 299514336
255599513 920951591
932362451 941701706
188107048 942019692
210840952 646841864
44264027 481364856
716972698 785814727
442290262 535715524
626245567 784129047
663698494 664779074
509537018 825172665
421762558 955995925
622253370 970592614
198994589 499661356
789978408 979110668
300942379 471588224
394946521 516882250
631088670 834103237
503701754 575070989
112764547 701326884
887659436 993251924
46068385 383696775
797838623 913698781
684328708 785939460
541053495 950932931
728969581 920762802
874872799 975560849
522823944 687882339
338347404 488380744
951434168 987020027
688049639 940959720
218394769 991018305
682371971 839362807
228903255 976270623
537559847 700801000
886679163 896840260
477382977 668149611
174393516 277021403
36879088 987358956
447191279 871999327
636118049 688683276
952814512 979597836
358620175 993330994
885320162 912639584
6926240 474231994
39245886 92973254
43628470 523280758
820157739 845342422
364054182 999859787
684850528 878845507
276292435 325869395
184314 416737171
900981833 940787562
604361576 817408088
445908721 826185899
248941795 577482439
293820448 452488471
288358184 804195608
197208283 222410120
64732617 298317570
966152566 996045476
631643507 912512908
496277784 747779972
62794940 319035487
454348420 689377453
591830833 694733675
264728694 893267146
748251526 768880471
956964747 978862382
98573407 393146947
187057695 894999271
521583318 773310672
927099433 958099892
26277699 228519544
31511930 155024580
449547603 598009234
695263611 780362873
565442216 840390699
6166824 430746002
348035709 765256671
391743217 490948815
74580615 369823330
454750450 560631276
579882710 878303373
365205815 726955046
903769838 961584490
480549383 492730315
787879427 833152777
636995713 841628985
245505594 413386336
996702276 999631542
461843205 880919505
557500926 858659664
728568272 977514160
4373259 19313956
633191458 825450654
386392672 748104906
510934159 962893874
548430277 600920643
268348262 574385077
895551196 948499171
300045930 734621689
552475629 834640925
848421140 919092128
739060281 776139921
588212104 657529366
381646390 714284713
321994283 896931899
77792947 725424108
908160413 941244397
675424766 948393174
770259365 784476235
350282045 783126030
256156644 602146445
335730493 530389497
735379536 927284338
840046692 944911847
736764112 950931335
800119989 933081152
642939181 991686170
994784709 997895356
86898836 262993793
697226807 876490818
143251434 307177473
89483018 919131919
328287071 636379799
292285857 329874143
863560060 944360222
176234990 685600138
875163231 975298912
488131727 873121505
544849701 900946570
642303621 822669682
146312842 539776976
762475062 846206526
727111393 854560412
843399338 892232418
400441896 423544252
765314111 915241818
556600371 854305839
394749458 768187057
199945238 666990053
95180642 599517420
289042598 831489415
222929330 282012367
973237897 979348808
787291476 795050950
435086323 459951228
819031757 861607967
982447617 989147203
660197041 998363729
868536765 895189515
655204875 797398748
583412693 942998509
869312107 906146997
444417176 533938625
762969968 845093496
854936641 982536049
383699000 995451209
716509041 731257990
478863754 823623840
247930577 346468669
354001766 943022730
198185246 736976246
19168 654076946
797442726 824749577
989172853 994544901
462090112 816510070
888753207 990823465
410230467 697616418
625547937 846076087
228067823 615187975
986120432 992908103
738635830 964087888
160165119 762616559
402034695 941583707
895764392 905751354
622420420 895869441
721326710 750355781
735823734 828029151
215704943 908155322
553979242 875693182
879769029 928692564
99237713 285926477
238780411 424680611
519804864 994509939
396649498 429402336
60159647 109249405
224194374 665091146
263837137 411890507
989360474 991091396
780545686 993234319
512003879 861122757
383981 822738752
702052100 891416870
868081294 896054979
760697025 777771957
813970665 918030662
390826886 424614001
423401786 458683830
11464641 230306076
819380840 958709094
667757655 898805519
231668406 584403859
911212697 997974187
247161757 383996779
648329242 981646544
775050919 889772050
423619055 917136464
834430775 980596040
997384941 999290543
269733309 724965452
558006243 868160622
546705776 797482117
430252906 976516806
35142857 785641435
897199987 903068538
179342979 681639570
975173193 995522702
91535692 585431293
827779419 990818755
571170303 971555235
978336148 986753660
894699177 938931915
661442893 860616582
960281814 998825852
57301753 694300009
221963639 928798387
665552451 764928412
560658898 907611964
636141478 715276706
608155712 664433613
286014206 432516579
767986845 819700128
502438459 770289570
477622775 648275850
944275178 948261843
513420790 671458258
746514437 885281094
231393140 983630244
329914987 799206909
717752060 760658243
135142369 290912510
132910601 386774308
391076950 607983766
643087083 855920238
850941121 933483474
2583833 140201055
490903543 728933173
510285325 817875607
447352570 866230368
428625074 824773919
378320413 509747594
757355780 994434829
452210974 701854127
364464560 577787293
625165925 981491482
722006700 959002159
473908822 588936454
871562794 913581574
319085862 672827705
293474392 392262319
542020005 868827404
32803362 305169610
408922323 516969500
774596652 815991213
875745865 909034482
204545528 933638599
517218086 693094974
959803059 970640048
167599173 824650106
436724043 678020792
44113140 126860296
590889365 617297214
706848443 746823692
287439691 559573035
737879130 763707480
900836199 908544921
443316696 667217542
46412162 828437390
344088493 906904894
411745610 478153331
746442020 811502198
367835180 826661902
792004507 992660873
548870221 789124679
243861594 621782624
543362979 936624386
496241799 706868429
404321734 611382397
962901333 983854374
175512538 308312636
303972561 490890746
667803910 849376217
905307833 969087642
283215046 316408267
360460125 673166137
346740726 348406349
959884594 971013218
216556415 839128193
124348126 567934978
552966708 703229235
253374595 269077738
370265895 828409273
499101910 515025794
627980750 646552795
672783443 964567575
146195888 921863680
401559003 628446665
186713313 442087405
500882536 618426766
294269827 630557929
865862268 910743942
693112070 764563713
510760360 732967049
57589404 361452055
690977917 865010323
26953575 348091611
318106092 708697177
193700938 541308801
696865946 811262982
897808395 923872707
723064419 965429438
132817663 254622261
654997119 994911400
990585664 999143413
143864463 446037296
45841496 277684968
88056754 343075975
81282771 376916023
112074744 233366566
136421388 928777316
583613474 654395615
662391626 825550367
928680301 963201253
324886860 816164353
700524899 991639890
173465620 567980493
492143771 849707879
551184699 646946234
427738486 808449047
920568192 992525103
726372031 874077581
790521090 938533799
556221291 861773580
396095360 533719701
419577965 487261300
13151635 41382572
783173503 973195675
885881858 889286788
30949510 727780885
690511608 884581090
463357094 647779376
793131921 907899779
947537601 953027059
104917274 713008681
890294022 894748317
871860579 997791873
337363078 729032919
203660565 317297231
506250970 848687318
374555365 586779412
343948364 806016406
424470127 668576393
708608765 756052319
782735002 789083601
940756246 954916731
148125610 682355660
575029720 633784391
343201197 775980492
878506494 953950936
312380621 312667860
265320369 821201571
187661437 970206156
402234242 521794620
113984198 288066758
903061413 913948101
241663957 424396683
694773738 872028367
985158885 986524659
536696724 735601011
550673228 798264682
365229085 462870029
670542086 744127726
824335279 997825494
166498173 838070821
614382706 998083400
264370274 919885761
943505657 967228329
513769197 543044662
645715099 886876213
611456018 684195947
44391576 220434135
995656027 999172558
754897743 797278747
79997838 544510790
555567175 840188931
70972600 432284608
272460044 532646029
913714835 981636686
143917255 931410197
93572940 987609455
183864300 552359543
709704063 804356082
67673844 912858461
406702433 980002625
495651501 694057082
905044861 985043418
649718363 914954232
811049488 823231097
550732360 777609856
433337641 716945387
662304473 693114062
42179162 421135096
541049793 984651096
664804970 722323067
490847183 927301115
512667557 712692453
628883783 938441999
45660851 653808729
652018211 884473232
321042191 327687997
510174114 777160917
317844910 728967462
188136089 561133708
116127334 999260269
978749118 983144076
744445038 917827750
950410722 962415699
251002452 872274417
292948863 903480243
899654839 979447032
758479411 792289026
510874080 832394990
676394994 677955369
369832320 948934937
219320852 640435652
615177534 654484611
253930004 699529298
80897143 537197762
587106687 758777175
163092461 459546666
984252054 986904526
66050333 740320475
258151941 779746194
52554924 352327940
144128796 275997673
631418285 824585625
906269712 941589593
151905451 783492436
978865667 994582002
633242965 788880174
65086707 731783026
942053454 945231822
261794699 611318617
524609817 697675945
204104838 921555678
532256531 890315816
657542625 938937841
498304083 784416446
557235639 738519962
557656480 716256302
749053537 928689219
584124742 683424560
158371488 282025460
621087462 701066984
702120564 924471447
250075625 975682690
818023310 849481476
87432956 762344085
354606537 818048003
837757862 979923375
777267671 933001845
860154791 894261668
398197424 749037490
668134499 917348566
809889820 881279447
863151928 877875949
699375628 860700505
983708090 994240142
817077747 921119021
158239809 632939570
628330566 871833968
204975062 651081668
391938125 616594354
941778668 969823204
379765002 792828841
211805480 302118717
124840144 248217730
699289989 761638802
566506545 726800520
867924438 973378279
431467936 856245989
659493283 738843907
14324590 791192660
559925479 744290046
401376848 756462365
622421413 657531059
608795668 816960191
861611272 904399920
599182441 651278040
925269246 971886355
6151641 890244258
924854497 966168653
28690621 804049933
44032191 352738089
567239950 900367428
163130159 214737305
109303068 825807471
21315225 208137472
836838536 992709866
100871432 343828792
435187978 810378490
686983428 945053054
39187237 960426010
110282324 183557724
778026142 796938404
653529787 959700317
336233872 974752701
957119930 977264644
913484074 916443254
467066991 813697441
498222453 637935063
560599964 755500496
855976244 911150440
688871827 890029118
113791053 276039186
63408887 932258587
528805554 989494335
724629083 793347082
372485132 543653411
464749002 509715284
526185900 970134030
689422382 784236027
958942671 987379339
244686936 356900969
115444905 322790845
518718212 885594049
195826578 525414822
561462484 609468530
924658175 956333828
216451065 296377771
619844837 672697700
356696133 871318092
276495058 884954002
369917816 927720213
335222746 622445132
586728686 919785046
116972430 639609713
470275193 978548102
160318769 902696401
61016653 703473603
27188710 929383408
81750541 425362725
660671221 718598385
173869658 331511226
31766920 578315542
378313563 448823964
917308396 941490664
467926753 980543809
616013219 734568850
558006474 638696418
643024100 931553665
542443828 650221408
973818520 992280078
413358940 609187619
594973291 921897082
575400236 817972294
679256385 859759802
503105982 787792255
170053425 840353790
832585973 964421924
297147900 300753984
432937378 730731685
505522550 962758863
566054543 969024106
14132606 760710172
397127876 736783183
651052744 794712442
409552037 576591229
852759400 964663741
200234398 635379578
701529144 774202781
145158548 798360903
189806914 654323558
180746847 709406225
401658278 968982992
262373042 297862486
934052287 953296489
597120727 999249843
694246996 907366503
775869341 812086033
746652221 959563166
605950753 702783473
391013569 772475386
36231553 355066651
570746536 859349942
910885719 914641866
518353030 706930414
241272389 884240575
614886964 686692938
866893399 916033349
656793021 875756442
251618686 632892049
129776272 415545245
360481651 421789289
573935670 972737091
266912961 400195718
809762578 817710357
539662033 662542951
529293421 683387008
690404150 723392455
115983068 539406750
419632419 490294149
171639601 640180096
892857719 959239600
898451268 923217406
834847618 985780917
45144181 345229417
750947557 919694761
407420903 653743919
495100094 633142771
253283704 500153072
981923552 996198996
74170300 393727770
382531415 583164580
460301410 901033568
130157652 837200814
260242361 363156863
531104469 799081470
799751050 864447719
598542226 753576238
693817217 810568283
391060547 918595785
679338934 709134773
932164904 991515843
70033884 808728091
710773443 941941884
375051790 946014797
415040867 960070795
920122045 994787226
452270741 677849756
578350710 790985256
605641933 673213323
291197134 908014398
347331250 735805888
985270278 992207808
863376834 902645380
473838688 687288720
57996245 690521970
812725865 941209143
91495554 719352070
905461953 948419152
942260324 959988746
659056627 962508196
398684288 568688006
254829539 444996269
507942600 865720764
812457357 976673125
917404955 921594174
560085930 908162343
895777463 919415822
698723245 829186664
677304819 887930800
474575877 503415353
347880696 663033143
163938343 779802333
409139439 548585847
212727361 306456266
656609080 992437678
103007711 959985061
665002354 869823254
292680486 837928699
926081578 982491095
787991927 864418419
980203474 983312269
11476550 172249967
813214531 842911789
921638789 948672188
160847449 796058631
120171621 162727147
712083156 960144266
637903837 946445806
584001815 789810079
647744337 666823387
844416318 979209786
644016922 883231882
408889827 465573560
272584443 932319868
511194323 866275517
853778158 922302570
350411960 722847874
381455999 454280718
246417250 585820107
455208119 560831455
479501430 630051660
473716626 830700830
90023316 422462164
91432058 478679080
829536669 949764348
746577016 966053134
986367212 990811298
277026458 771276512
542328513 765690609
202854473 492059170
780379850 955154609
450610365 691173696
563606297 968500274
143273396 804420557
257281849 520003912
904271089 941931267
596917400 888166963
109119291 831526464
226853490 953150214
395464598 591851227
191206466 639595547
40941100 618949432
950577738 969056883
3526614 319679446
512974695 639999897
91697199 468995103
46329280 618259480
490048290 945878632
330667008 468367017
192367402 445460598
412784720 682725980
201438321 799431216
227618187 494026958
60179653 977650056
773311426 937029014
679704876 967531959
273558210 745655396
288602791 698768709
995674491 998684416
693839218 937441275
606783039 774726125
543382068 853703040
857560451 906979494
725617468 928694924
140363452 259246768
514852294 650530281
723235500 942046026
341748092 828378620
823418448 905385779
872062904 915901137
984980903 988417293
902543958 982164323
154840647 425299121
815478124 822190730
703353570 814021925
487775398 578993899
962699167 966879957
904182221 983954452
880659105 988181970
914296572 995916596
661255424 962889373
894931282 946331912
570026627 773078326
548228587 654133971
108488946 395057276
527358277 818036892
542596767 602149764
620218824 813637886
697942714 772110305
199262936 997354011
785908076 974621553
423197805 673037821
567218462 994516608
51528647 998406801
110779921 875080226
459935383 494460163
862498300 948043780
8615986 801705371
606772531 878967319
448826285 831580638
656649386 979131462
660410607 994842404
997852799 999305546
509043110 902999940
921508610 997451086
311450164 469583622
460083193 644248541
761469971 787744378
391776529 773358285
618171693 989613755
216324600 964288750
246915224 921685787
484835166 535833491
730236285 911983013
799094128 835092426
520560842 932958748
203966963 759603190
228588513 732242042
312222850 474721001
240063808 684189534
923504315 989140058
660402492 809529672
97386226 735679161
644097556 971902893
408530348 471059812
657543277 992326726
139600019 743947084
531058124 807244128
358192613 959086620
660039297 664657609
421367070 899095497
623320699 729798630
486856651 514815965
112524288 860374818
930344160 970225560
639648386 923229860
185518470 264483747
362197166 749005351
682084046 942722342
207751983 911507838
342190084 742874837
409237397 478450724
654913999 719580716
43839646 380956646
851429944 967548859
926345768 959367140
895900441 955655380
113690825 628506227
878552352 898631428
120108410 892034361
372585559 716792798
732524001 864213248
433036475 847557492
257910036 941146100
124163599 154299432
651405818 832975324
398276581 624325259
920137503 944293430
411547430 561077964
396021219 668907020
648567983 873024089
517028988 566472923
483977310 825783696
246830829 380723257
856587480 871724228
783290235 960989379
868789134 951999440
879505999 904483415
122443945 830006453
115212898 136465409
533037895 984917418
518087166 897623763
781057017 888391378
328897158 464789667
239009241 802155687
958942000 971971851
503052477 935503007
891397332 925019780
148633944 306456276
378330980 432476632
21160849 315454486
372770841 766564993
654093716 701451818
603628615 994154528
824221466 934228251
119641741 797775139
846833441 897191417
527136579 811075322
612575643 650509926
472156319 718965051
821431172 988410189
706817219 891149558
181359514 431668490
348221388 824693509
219463271 454117142
208704548 787800031
946356041 986418086
61512423 649595313
952109224 970134775
20957775 341417727
158926444 781596525
472534163 763623531
812026851 834888242
300551309 815616710
600586428 713271617
572064296 627157992
651760005 735006388
741586225 955809442
695370840 751911109
360381274 723197826
804556325 851784980
822431274 923278286
240593436 477395130
594210894 970699689
772872485 778982885
589116364 810124221
364155279 816336419
937382808 987316789
383280826 594584309
167684097 652317175
483749139 605167667
308833921 926968519
872840715 895361203
605250684 671896644
889927734 899266762
387485505 624366081
33165 61318933
804724493 831074223
44457437 236931445
838583114 878483747
52869427 857496156
600284625 829176580
492791953 910644255
462598004 629231228
591820463 953339217
646312823 815981832
869815496 960106125
899854928 949682010
900749752 918077800
258472827 620450994
755959050 890977030
575301732 759209424
97714245 940572347
233417703 644116573
756440158 786194095
3182806 687200793
937092684 977318272
766742048 813571422
391413842 966440691
279719258 880342310
647429310 951244918
101557347 350136256
220250603 993966067
585931827 857758224
320013945 931154649
278766339 516439769
615172841 675484416
283032974 582526945
866685612 951500063
524834298 635738678
440530816 605014359
562418063 935960317
473140421 702077583
715724188 830970703
557110038 905492268
543501350 929241052
459729528 653484558
894024360 896529896
332514339 828590057
929342819 942925997
230079794 558936604
512928737 597228424
577914025 674979982
251753003 255274127
216385208 984807960
136045479 568532066
875152238 977098418
252405360 605485044
666662488 820932998
288533169 296605598
804921161 823232456
250169112 957309941
16519390 766843535
516005257 979455193
741555056 791464172
955579717 985916107
724339115 930870981
233476248 272244504
67207146 211491591
747200064 751762903
203904094 795725581
345067677 686180573
675969389 724573854
764500419 954833927
541173766 579319409
114676118 453761636
110429611 120084651
968350424 973659205
369337030 929906069
742063224 779187817
281856520 757417063
269038502 286803085
362125230 403824443
80680719 459058036
650440477 772090741
425498926 879776461
167903593 540150425
722788938 768113528
827852383 998756869
335990131 805115567
239038849 984102140
423269533 752752129
155661060 573229620
626701746 793295458
372672421 850696789
495051172 968464001
800990245 964741756
640115860 668170470
749564213 767170513
899007169 948252856
826610740 938088453
309406497 852291273
975412111 990155234
710021711 784968318
580383695 757154683
94968728 893243739
830516426 901403960
123215986 240697905
697901684 927910558
510923168 606703477
419125028 498454343
173040112 252876035
651587064 747339804
832941517 859822391
89772149 221208736
567136343 651049360
340657737 727750988
971006310 995816564
541723308 782471666
834228350 838557765
478184297 695940701
172437755 254118277
295040225 975198458
81976501 551780273
106924398 724781752
835067180 929578411
160342446 167506174
614051831 869534645
81970090 983761704
439187582 642022324
658130738 662548389
111889290 192972759
617179734 932084305
802239395 841554810
491363127 621043884
744264823 883945489
46202636 608616309
869968371 885220757
561788824 796694223
912928396 915447666
29478965 160655578
126766853 336872034
428794041 830133286
461340805 892838160
292050654 450526949
413678907 440550651
938802008 993543146
867610532 946295557
166647840 429778208
950712775 986759512
19178959 845317774
265095794 486981096
986801536 994095624
386415554 629194727
754217518 861695258
340338462 746286031
315292073 618759932
948744471 964881263
482868520 586470751
944606715 947675329
448719553 963760398
590915467 938824906
481908219 905596342
934550611 954614282
804328951 946197672
246089244 655912278
512079163 901702316
651130384 853195604
521857762 890407781
248732267 598061465
48769877 315427184
151475381 311028439
618185234 960401160
948894151 979980356
142182758 984645637
167365696 365204853
198170612 602394448
387226543 593079718
680293956 878219439
737046920 813493826
409704655 774100202
902572944 981045099
435159844 953964503
167883759 754731378
685692011 855520306
885697209 950248155
457339988 595879681
366433726 555414834
388524131 893796408
364779888 481136159
143693036 742458274
843633398 964545618
875279195 954329540
148823609 166075788
431421731 755665382
710627865 891646596
945137412 952136823
140126678 794412458
691269502 692456601
80970236 178779347
748743466 900386756
232633655 261890322
203839497 563738954
509436772 893023280
501431279 651521341
802873609 877676715
500403834 794068530
328329426 528349594
428212160 671680760
382725458 519557668
201166533 256618152
941534456 956975941
498360357 862637499
98157111 785793594
234808504 821360298
230774497 531276534
602456092 863265307
590301325 679541212
776817022 911524080
591819827 806571170
476731517 535214790
455655683 834278717
565084355 861593308
752143809 873942739
968278746 968633203
245021352 634188186
526907358 729376076
327335012 742455831
268455347 819259605
889187396 988167285
86811929 828484785
318539538 971374207
33553821 208827012
983738528 999691100
5520711 154515206
38957571 469429639
299643321 548636673
989199435 990328592
901755166 967760919
775730156 930619339
635893913 902875501
799333595 875669316
85819638 418201354
814057596 860184050
804379554 872951617
358387213 746985851
938491346 970020392
911045315 968032932
475066458 640874278
882666458 949216992
245799315 370176541
811856938 998355628
598402488 697362934
930988513 946620396
166814979 573333958
534001546 760938056
87732833 145803007
92950235 316471668
161716476 575075692
527283325 612154936
826100299 978357183
145102810 469129217
424251888 543451299
704323108 887154022
799283960 884024472
292210477 773767165
587911566 915369934
242338552 267998642
938325253 978857959
747751069 951938814
767554033 802999861
559564863 987385519
516575542 993962922
222643321 701879681
500810133 528951414
590760128 894552322
212960666 595810118
436831367 776442148
870496408 981120448
385166433 514799827
485159948 692129518
248721387 294204080
279238431 402796347
842201344 893286556
693433426 922836158
385595192 568942897
843281670 882508719
234319704 420897544
251489362 943187579
840977436 887808111
418900508 675368808
883487367 973917448
572701755 653498813
99847926 183221170
697496431 706550279
313115035 856202031
872253815 972745619
685670525 917809082
287816556 604449080
714369966 779345787
405433533 872183192
798354518 908475490
906832255 924548351
118259635 855483735
436879269 696097614
735340074 898588084
830068554 975980264
778718536 778953545
518708334 848196158
628517934 637752975
464972201 584237487
253635590 580978362
857640903 926329815
720423937 831244239
340142351 744451067
532047520 929723921
165004409 757620163
552340259 863109420
329330880 448695308
276480371 461638487
987143532 989500972
20345667 521489148
51286584 805010411
56449474 75837282
3164083 293165358
606099324 781488860
607186690 622020972
621080894 911151989
961852849 996864820
844240192 939795651
208971655 623012613
378179701 424427028
911108829 931743316
541818560 804450456
191217217 367840311
627812341 856357777
162053318 202295547
387263356 578483818
650044046 837786844
590545965 678303728
350465757 516337881
675298217 963880366
7087617 924148493
160715422 917040574
168954566 296697568
984665279 992395985
825935396 870075987
383510176 770531197
797634022 844268184
626080072 854611320
403008332 437287689
35896530 251818149
648397578 681283019
210362273 782471156
806157836 990991109
248524169 591468746
170180300 922574513
161638982 359986803
639921361 855598772
992728154 999220875
392156397 826421380
500954178 793532692
404384832 707093229
892072925 997275158
300523271 808985523
596708003 874154876
108348301 113330269
920347195 952301089
715069184 996337241
232783989 852019135
999341793 999732403
35707721 921510730
726929198 778097209
991366582 995835127
569903482 989894960
221094053 796445344
740264938 805948153
932761956 963722973
183463607 406871027
357302805 841873384
244669179 333363806
413685432 765397758
585693152 706771266
743103491 849947308
206823107 278717206
525994245 765379044
497329603 805012832
850157235 887277966
268365413 646748576
964695483 997533243
428400593 695133076
5430626 127457196
644434226 869522586
467747659 574078737
329414601 483042342
694200893 974392038
529565602 885482319
476815295 611516082
29523104 528388571
745362110 839820092
163764811 815355804
977809744 998016990
463068959 621343363
142671896 941174033
896810875 922044453
328884812 396271473
823346445 853317827
348053951 456710122
863253059 874218161
600865390 913516281
559296650 811288917
75982476 998533015
179866499 186209480
895779439 906670420
463990668 495312294
23888410 693151132
737657902 810620235
291574354 870942757
539230247 832118093
45813804 576427547
375494501 574614488
457086317 793256754
661517459 720829559
433679298 486989564
627296478 668084863
103541727 528040964
989632906 993005787
105538399 365716143
429887260 826199036
838359686 900539326
144601419 824725065
43530544 799208484
816140997 978554885
665341937 741368664
859943344 916304863
29287593 606586592
565793939 810824532
667962870 671141557
306803354 390848379
421159562 667374423
442357686 807977312
472364240 730123603
466046239 988818942
138961568 837338762
166975596 439711214
580158061 752649853
916144824 958794651
67878448 805489536
501388451 728539764
189197612 959758324
263804190 940475516
980424133 997121501
628716141 828616883
696945037 962210264
765253047 784388831
21087436 472653457
870622536 983537438
536943522 885749256
649504049 982744933
216229923 647559162
805439357 862163688
440431854 604691726
67795983 86302607
231790765 988060276
319744055 853101493
796671035 910332058
381467119 870684374
371186549 596491713
59163311 800463509
815457965 889657867
440205805 956188041
850252955 929801622
516738866 828480362
180612382 572156001
835795527 875659726
455471217 972547562
463194445 972955871
537184129 705534855
562665222 666521486
326641953 480672011
218876417 797037808
724797438 849956031
800580544 940410483
91587714 131822488
798460666 808917157
897408060 946700975
846557367 999314180
778821862 904911614
543342407 944360634
35453035 53691441
6890642 331575480
20389419 633361917
130570705 875524942
406298380 678902858
136170629 837530460
722171301 750681497
238592977 625953088
528351363 992309192
804119779 939974261
18094832 910954907
26579611 265740736
442613476 641442411
734575767 803995807
885625274 964144128
28977937 443377608
92264979 654427042
349752080 478551095
141533665 897774070
155559216 768027925
402854326 805396392
387206173 894659621
854063390 940834619
606633867 790030079
214140747 726341962
902961477 960186199
922864239 982852927
748289430 900117576
528196280 790691624
142320580 971770969
323535947 392320914
912554865 961329240
502785091 789327733
651495908 725302937
30869194 351646309
895284426 932289154
304365516 539002615
262187900 878993501
160921975 548613641
820017385 966480317
797339656 916663887
632283703 727231070
594110681 639296062
309221063 462117376
553162070 905017168
935225489 969101261
680301992 832384630
863562837 889312009
894689645 982350088
558120117 904454330
646565247 896131387
531409219 758304626
69589233 866582597
263240642 360570038
350133016 595577117
470903711 756092777
479801019 979047893
134668113 223608910
381924976 747662090
774024735 778321838
41958410 456608241
386701758 633436997
778829094 906911139
47096408 211462263
184539 841732616
486780011 509700561
366965403 924924822
540945152 680156793
209075224 639813883
54144498 650538233
22071379 593274261
31372853 849070847
7452632 483431169
386184313 783729011
28714004 955370026
381551535 975321426
216021425 572743493
802613128 881714573
724148661 844873472
702402162 780016688
483553941 996298713
644698786 960924838
920922722 971441002
108762669 289599161
329347776 394076676
109705644 449526373
396759251 792610939
300507179 417001767
351310861 391368465
144315587 200183719
592488206 614188479
974531920 993410112
276997350 755293640
234339228 750013774
902263600 982295866
139749678 202886078
226535360 754229818
509081101 693027627
876261530 882350557
463298467 585972250
331397542 441733725
424295837 628717369
169967217 578773327
795618424 795784703
801309062 920809797
42044441 458796709
315408601 815251281
954942105 996386534
950744915 960281087
28373291 505972491
900683676 962320789
850319623 861471463
849539022 978467369
935407780 937709124
660506749 748153252
219891952 786541399
370273988 447971666
808144055 969852139
187864435 666043998
521384984 745958287
885529916 945593017
589668422 769145198
419709100 882698254
770698968 801668259
346237956 778347249
668730419 909704224
430220148 872264688
71110783 622721179
117992720 687164724
95152528 487033804
709201475 946496675
152306163 907361376
87299680 880608790
60656862 479914715
245770770 868521217
321654228 860887536
561028549 840036375
267222477 856080995
926131826 981589756
786700363 924802891
916722402 999805805
902991846 997528072
421925510 937864317
573167206 987031187
760678581 888348619
420571278 807971034
540172346 763997810
141962267 415953895
447589099 885130673
472073509 555965393
143741720 814753869
472360217 705155896
257767454 771080174
378563929 532058683
133304997 780225418
352493694 769277595
99990575 752078108
238627234 875732854
103563239 138077961
29223439 200718974
83806895 249762033
42629501 334327210
953895439 998868172
445059984 965802486
548492269 637985314
432105896 477868227
985744295 995617301
249020893 524021551
672181062 702244384
327463185 689897978
906845440 929220166
122974737 580786760
754597523 935349393
146462034 602996145
644643859 966775272
566208401 666190227
229845138 423940314
48700402 499088793
509422109 585446214
275253188 654703109
337545107 911059134
778548774 873233538
404178479 661074981
723818400 743904728
945294270 956898660
553769010 704901802
280785958 966174380
389448279 423449574
861751396 941240002
920960743 990424942
17574352 96455328
892930137 964505009
434604220 850309565
907834988 919253818
214630069 942515180
581248082 833983382
736133005 921702209
112255537 244832509
85641857 646401030
894073254 894278032
871948197 880909447
836714825 846588541
961279549 976151787
556128787 793563166
429612899 904746434
262949661 578218826
834671767 898874039
475817344 764705935
439187849 530338002
768633645 859092316
768248981 861110961
765066409 816112078
395880962 768436474
838366179 879108342
643042627 845852130
848547463 857744203
241837933 907940297
599680609 662658890
428582628 518655260
892014075 906463725
660789194 756745816
230685153 393901490
806405704 817377181
936386160 949054109
143274510 340829212
66573639 266193997
943431998 965703239
585315213 700302520
760007145 994408685
2958702 173867119
878050254 955248285
924127601 933041728
717121446 971726204
854186352 945693539
449357113 900086872
482657271 672023889
908259272 968575522
241252608 468982124
122561486 852489624
351005863 986701456
647976592 800719233
788187785 940031299
138377119 160875205
105552299 894846272
130779975 493383807
64551561 611325740
795964288 933733888
954778093 956975628
224356152 450483385
549818275 696806269
776916076 780396639
46821032 245287145
279633509 885557454
476330000 684268485
815077928 931359396
774462208 928035108
355374670 905284913
600740659 831468130
601566959 975294185
2089799 114840007
785424446 909949493
491437205 995161108
555205252 879798152
820961488 855420101
131524021 617613805
797229590 852342249
92601001 948386339
974062027 995737339
304655870 528147641
669850620 757223145
384679568 793507951
943108462 975128811
797583758 956075099
366016067 519844767
556196741 967158809
954817316 971145730
805347273 877839641
39886198 744224903
283365456 332837693
706324778 783829401
282558873 812321185
265935748 371770950
504866929 930495819
46503636 102381479
647359524 973655322
248400925 939670425
92741499 622741507
207092001 542640763
935571194 959548661
839171770 910073991
252954176 685729360
914342543 936922549
722638257 925047286
906709784 951380487
101345837 715609703
8650638 337625650
137998848 440792051
231512187 900868162
503868471 708546278
127193404 473604268
530547757 580459882
281162287 865040080
877739578 894700134
404300575 617296145
233052334 840638650
384365939 833730192
895483359 909032888
821546708 927120605
435404117 620198240
585267998 975538640
313594610 826947713
993632387 994157532
600753132 621028532
630902054 785681015
916546656 944807199
533555645 918773502
847879557 864297701
968170989 968425594
957581230 985095032
721714374 863348962
695227035 716815736
628155864 678927420
694907306 959484072
90994674 573683094
932351210 993202785
261907192 661927037
988010849 997642791
996702184 999054643
395611136 814392997
949658068 999138177
684989569 740442409
13945383 169385604
85191802 332913242
278776924 737588904
501910152 835787817
125582985 963687641
88206112 289408315
111517187 583122492
934645259 952067798
7354124 324885882
155393096 825860558
589105980 787964134
935655835 980992877
622247596 767135222
828219869 997705135
821950396 918199232
533083709 820026515
794611010 974648668
367850726 593826920
101978410 214515929
716905775 821491384
674377776 879732320
708014207 836331884
613869748 742770502
365672925 852805083
359572261 894715486
864169425 976715026
196648504 381158755
444767961 548785203
831800268 944659779
396470899 705482847
190921636 749127303
604077479 951899221
221346591 488556600
276163645 404960687
624147837 795593729
918129988 964161132
153980334 840811434
372855689 591763989
40377833 428312808
694840569 820785269
947563798 984405509
129620701 998186404
790277464 802060667
693309612 847886518
532322596 746326269
692774012 968039758
349095702 651704357
502393688 944797892
877981997 999049347
541013513 995754054
640822705 887394727
464664195 665325471
477781922 479546022
4561401 948029750
749400280 787408060
148897132 321071268
384606650 831984204
645476111 816952345
940174487 958843922
531543083 870436013
878381217 978630695
704355741 902287711
582030474 689451815
399523085 640630879
924234939 977299039
906221748 988404971
129607983 950091496
738440646 853627542
79630570 801599125
38111608 534988068
22948633 375449226
462139570 656634396
46649288 802985953
850574272 930054072
568673584 807694153
916408821 994079451
253740657 431830920
818323303 843338561
315839503 999991847
685726544 853420665
796026061 812112614
174929194 390351589
856090066 914170118
423829952 454709357
864701903 937804082
585680560 900202358
130570892 590076199
166930458 189643100
284242643 943470935
356879155 370090734
886006734 949814385
545128520 955294748
491030478 738599766
306417134 436946825
560227975 594515002
727163763 772419603
757807712 931164233
657372037 698766372
40439792 612824005
636642691 657575830
560562063 582785264
11270485 43060866
599365731 843370846
779044680 817814443
970269480 996812290
459596730 479445610
95349714 177607553
262951707 309670205
68489625 990886817
731525064 765025729
145822350 929196495
861953742 955381160
905199381 985290062
400664409 887072410
583091608 979541185
682528517 710873050
454616900 654210498
550794151 777805934
836359866 883702500
51367566 900310708
12008089 813184507
521806460 694297431
265147090 351434790
302125670 834019237
52322128 889662135
813809376 951395505
170276139 975830955
404146373 812378999
301191736 761731561
485388938 817568668
969989079 992295898
189084971 792014528
817295245 981363985
795263652 825909663
394255878 983598077
64934258 233938147
786553661 855155897
898322863 992962590
144032604 280802838
407912356 663587891
496814270 600991502
811758780 915309341
565377920 835522321
423868788 974326206
554811528 771956067
661996490 996698617
546016683 716051202
108122014 578195646
980592091 981243361
74304422 348427191
753114102 931840886
585855345 680874532
328344439 908684716
761158445 942471228
59790432 621321952
995038731 995407933
613324353 618285207
875743548 944756170
37091639 290015203
66868476 662489481
725280981 738857714
87602937 424597388
663575266 987885265
684453007 773894623
150560884 983639985
729708149 864582873
868751830 963113121
948430677 957071045
57903373 661507971
920426529 965504731
978447899 991061289
175968991 344072387
18185562 129288347
136588835 434052469
79480487 249225682
363232848 878529218
190572133 624333139
873835206 910350429
986494561 993820748
747259363 908397830
848566600 921410903
283714014 377247028
247866273 713430862
553071527 754311946
641832366 801279035
254931743 850194629
663338716 882787009
612445163 926485166
706461580 997133030
952247123 962768329
186043327 487891771
222875547 304288022
382611720 921967483
588378046 924980335
843340572 857910598
137796507 191222776
532643135 853180826
867018469 911403457
369890475 622612314
979747455 986304886
654163408 975412252
537428680 987750320
750625560 917858705
476851086 965185986
308264572 891152310
967481827 978204652
791105192 883069073
148662431 483768169
995047305 996848246
983272362 992228744
174410988 856118937
432714279 785604300
913870190 957698657
40184625 326945445
313480044 655145410
239799280 328031689
421858825 725352864
990102636 997700554
290002927 433585292
226510276 297487494
303693187 769536305
842624343 877737923
146218652 891667939
804812133 955549240
789238450 897094580
958729761 990243053
755083535 869311896
302448344 382883480
465447261 726642595
998913079 999673814
295760697 651473803
260583922 399831571
739044413 937393127
357684558 458846392
890295487 961325999
720785558 793113059
976586801 991843842
245836514 391926710
438303420 933488569
814192146 911515530
371646256 950441337
706226940 723236444
852990835 859009548
32471850 126019255
866567686 931920867
655778312 781935315
504492238 742175972
650523083 667120982
466292603 633720896
522523241 898336929
250009016 635506907
802193044 864163291
489761192 761753017
456683842 759224387
682310099 691165633
806838295 861606423
961401546 993262374
227799647 602750087
187311791 358458088
648533125 876572570
427764504 490356942
188372990 569722951
959113977 996599266
237992936 728086112
272724055 609155439
937006401 994775114
671138678 833547766
131599889 960148549
876678075 979396595
428422455 475479854
913929866 969267850
114507747 750358556
135233866 540950662
413960752 799615652
321773821 486788598
581174147 871137561
751157633 879225058
190590275 768601177
680578163 905427845
53916519 123516716
755082593 865970487
79562840 719899880
301939099 508237116
409689384 608448886
71077811 643903150
522829945 567476342
156063536 638181583
739911288 825922471
544485964 770356545
640004998 648951889
499692343 779994072
169035533 377858370
440613606 973948060
264955584 666850923
842287423 984743080
7745183 259764916
889377455 904435555
371453554 980501033
434281772 541890361
810167076 937530335
618453128 893412118
112281681 302885819
665246591 680614261
469608439 740631709
861505186 885843821
368246147 887310449
655599749 966059731
162335217 297488815
969176445 987773210
710038390 933908606
477126341 921711933
315580544 788081099
279296309 854708825
412906144 863650799
293728591 384381062
639033279 970356418
788023249 873257513
436497488 818928999
543391298 869219661
779048889 916063063
961632377 998856671
711730884 998801470
878323767 881738801
199642187 758308058
156457598 983174418
1880907 407766085
245487878 678458151
50950524 416691935
972016590 985420437
951298750 988346633
219595902 548045581
419662792 667723048
747093767 868164276
673809130 922869194
553753305 811298157
192599005 198961102
277543883 684903059
744764509 827547283
477094225 773142790
447618012 767273250
31185614 482052266
478448032 694050830
413851086 615430690
660590270 913800316
890652122 931975108
38961110 294867333
86525437 858123058
923010985 985119332
956595176 999698065
133481215 189433889
634710939 833238312
969987437 992504432
790488116 817981721
252659733 386987036
213238729 494137031
696648556 825967827
722312151 933470512
333063037 810330384
51398622 816963386
247499671 720499042
295877088 453090409
706467876 942489280
630461484 931361037
263703513 689806319
108590391 488765069
780419829 905653175
259840598 727886625
314046695 942638331
74635220 527846386
349025093 942053045
926475470 947454776
143069595 372774262
872264091 905283404
3086203 781734401
189412919 226893275
953969456 954914951
375405294 600540372
800686771 882979072
966860292 972190550
68337564 555687681
254524776 883601214
956666013 976256639
21056903 769511802
511091493 926476556
287518367 876796057
228388354 394771331
362627504 576987441
451586876 812906011
132764692 747478125
770207573 910431499
619992255 744707582
564933410 607079651
407508211 694316005
885801114 951507338
110563870 507683730
998522224 999211320
934199365 961090638
658988041 716594092
138206016 787363138
616300538 685386548
574381447 584185725
256825253 991221713
775837949 888550977
641491832 945693499
416990357 564396011
779260003 818530993
877293005 891352956
937762003 971838559
621575110 994053928
770217576 873453688
375011336 581171820
298863669 530565713
31640781 578401228
171511221 931086405
142781190 562627394
428285004 741427413
735626287 783354053
797032732 894412940
350692768 626488960
191351639 787282895
754231132 835100602
438010619 602060090
959736244 979499064
574264889 668825784
612052636 918127005
556897978 715051508
172244060 916965764
790861360 992585417
530351976 955406662
301141016 983469347
312450634 792395007
431566556 914277329
129409828 259992789
164562899 526949193
366565437 675873591
768241320 770909471
164223301 549411802
229040223 831574779
752072272 913726544
747700059 971568175
490009761 939694557
836462252 940331100
682859535 745851363
21090017 742325675
224020974 506203578
76946496 564232840
773044398 933970391
192450918 713035550
42627579 842434797
796129560 831817797
951020902 988919644
432011687 882071995
610928265 745097907
840357175 874504935
780985748 968263992
633500472 957377726
703474719 748030116
842316986 885765878
672351483 837701533
216355835 304030970
43025843 202007872
490395999 753173566
923970476 953264853
490739513 526854689
751354427 774073944
417236685 896190101
148491877 692936555
405200061 646132332
527213507 872660280
541841801 857145289
965506874 994342431
5318650 205871972
282162566 519076619
504301816 806533423
629362833 666457218
130764076 201620474
105820529 323566707
995371430 998942530
374562200 511095616
293580076 689123218
306652578 323032968
662425372 993288889
918056017 966139759
295400268 755183367
478586515 733412125
789293702 881802792
762254284 959663096
928492189 974110790
52661629 736066881
965681316 990012736
820240888 844013873
170025437 509179882
779504189 861741131
490046685 746512995
56759757 664566947
646197284 866981918
776597367 953605800
199664563 880206151
992288480 999327826
369376260 396373753
301787969 615201451
871811607 894811548
79700957 98179384
956171443 966104665
669533458 914836889
56528805 354700460
610256828 890721535
1085646 722280201
406321423 673042266
638327456 863993835
671151681 810863466
700506423 958219567
69823866 414934371
667051919 877293609
768166865 901749114
952291051 982976864
522867407 719143979
371798849 868426127
65158299 706693643
359861860 401798059
784367574 805733293
345771310 833296641
145932834 865515667
549668265 954663741
857858744 988232509
799679257 895991983
15289516 155183990
196340206 780427027
244173784 481053047
180865660 487799648
502432218 608973452
215478507 717901773
946264902 981640099
148485679 269786718
898178014 984907223
146427105 239115496
121278921 236655142
621119446 826225750
945433616 973377020
164808672 883771865
571137990 830596712
314306779 586797079
426660604 753825456
714044418 841403260
991567250 997545061
947518711 980060801
957657238 967246250
813066619 903040264
592736618 963558916
852335188 862890630
992476478 993649967
191739895 632492276
597643778 682269927
756069922 867099015
95519540 276353211
967579182 977071897
165763613 863341307
841148385 958278231
884130155 922396126
42092301 184016210
86116000 615939537
319827679 744931765
427244146 557197667
962522653 982503797
550028791 981982018
728806380 775053316
679851301 724784779
244806445 736006400
620831516 769395331
354640800 610124559
650692545 751308362
993274529 998300295
787658159 919294151
456083372 602905648
875963154 976980723
583972982 813785637
905175131 993376676
939083101 964083736
670830925 733554101
703684301 799866084
298960889 334627321
292985066 582592061
86023506 716304528
659790321 971410693
389478291 889104409
441400651 602940650
996637047 997208128
558527232 900194492
874849942 966054350
288724867 822535692
958495200 981010313
167883052 962097967
776800629 913110064
557574760 604592500
686372799 831493072
625926051 836505329
84577953 868871934
472073819 571662701
989443446 993903412
979672008 992667416
476554048 908957930
569143155 581682363
66126546 132250464
860612576 877220531
542127799 803187718
807925341 964711960
663971862 927315642
986088298 995218299
217165418 626198489
334370112 355003224
559840225 747373605
547229165 570597000
388524252 420999388
162810825 697600978
121599692 426829199
535603901 969856578
431558853 901067578
356716062 994336821
101468987 761326267
23805249 428250996
480927281 707869503
115286442 999279403
269683328 997846337
264288352 264586518
229816462 637498905
352583748 642118065
291626866 737718414
722843294 831344614
7802510 476189808
930736125 976993572
5473314 758133132
185535800 794445121
103480039 634009122
