5000
280336773 627172316
592183262 834247038
573584774 923230320
508160023 690674714
292726657 684963986
532558804 736797408
451796086 810692711
158747225 765825850
242130963 554588156
268672014 296880248
193624163 758961401
948182965 993644273
855501457 905898119
390012991 882830747
17964095 544537675
300986176 790853612
820618547 993511765
106582481 634484757
654764194 903200858
395193312 835593138
264837213 318424490
414412953 990008004
718160661 741269828
775669613 824151119
71460714 787293279
548667125 989516348
13438264 876140569
499289370 749285822
956718830 988983236
313473079 828631061
709374748 739575660
662869874 993504251
782368277 852444485
675968040 966504310
23945565 644646206
920966434 979487089
18406231 851160039
381202152 853734806
360378944 563600196
940135126 960143810
616110810 911235942
464684376 541656793
880949919 898002523
395717698 428523237
719375782 720299411
584586313 754602959
918139883 950409834
957415795 972728892
59581867 106616850
16179677 198199538
831413512 960426198
505500304 740247553
894189225 974704173
870544003 921238722
269958229 411631042
677267025 787375580
291128033 577180507
867501185 942426673
568486877 827397766
545013386 976326118
769397282 799303243
338086836 749849747
409353204 935886693
674363814 867439635
675788144 824879048
52969346 318055868
473916997 574481276
678541648 782107099
610588156 677228943
125316988 822586100
325823998 611245465
784065462 815127150
586861380 846559533
851378145 937349773
221132704 676195535
883513616 894015326
921739216 939142308
428827803 835582602
939709981 974740388
440718721 810311855
107286298 724523581
14083032 580140258
659410616 731377127
644511554 968364322
591383467 675540052
777802033 911004919
451897729 896585273
523631104 987086698
6790179 187088060
869354919 988696966
481156165 812493890
485503507 663708559
200100909 503866124
745350954 814818900
60417877 613320021
863557214 951273700
159974549 612113154
753029097 956731710
847817431 876288882
812373412 987198830
124160666 798970132
964863883 979172637
154387436 839159990
206075849 266675024
472481398 514369017
925339149 956894708
812600060 997572108
189785594 246256894
976781035 985693216
848381088 958538421
275782133 429855509
948153151 969821254
119995358 878953474
138490899 466064924
111046678 394535253
195490740 464561213
56668345 252165814
906004106 959678469
624072709 810864623
170917887 857711154
942028583 981594363
787902164 807463756
620492806 817691511
487235749 517021390
509464700 821663717
529856181 815834285
125916949 776306721
249064988 989264240
936103289 963341754
464590594 819132280
301357006 610619784
137712868 733949524
334577816 737581456
118694313 705764632
704169354 745823221
339299788 694840121
956518838 969655916
810150032 996912062
682371682 733545443
383714376 982305418
976991335 991368535
901932574 935034812
606050131 698870012
379849943 572420873
779173826 799306997
278804263 697917016
398553265 611492133
325639721 752609195
431117694 678376691
276110955 800192297
853823951 961994236
464701435 875675953
741353453 862306005
146259506 334304803
875422129 973718480
123412993 987046335
820173312 967412986
533584582 743670144
270573990 619497183
291797864 807172325
748861043 988458320
248489806 452285543
781950166 948761390
923899575 983151980
813283422 813857359
212956138 701857799
922695135 953521543
661116541 672618940
467685203 849397305
964162985 978728369
765940715 981777915
829360508 984544749
110147187 282398726
881891995 886617355
553725842 666313172
744952712 768423191
70946036 879153315
143980872 248239422
642803586 864132055
442317070 745886858
997582671 998227643
577184258 820982072
4655498 501708383
251620331 826497847
605876489 690063474
433721822 904031252
268545963 477170892
795311354 900628734
630732151 967068469
961586419 999379542
598537917 931236460
483296091 844360906
63411733 836121766
44460283 241741894
973498622 982119574
840523891 890936864
39449594 123655714
510444550 777849442
445458718 612370987
999056903 999287626
163497885 302083559
810075951 913059880
5716705 328954675
137362460 454393751
41678169 295205811
990469196 991916666
729065712 926136810
198499252 921173939
482055316 978086022
180613781 701258786
789673662 838440683
657758533 756014834
330941732 995670715
648701513 674475575
146242454 229143587
176015973 964232549
847807960 972311068
685363433 855433846
705726352 732224300
108841811 401062941
443423099 598140051
879902994 959351766
490433651 673304442
848919084 854123590
221116272 441794723
554792637 755092165
480385847 816794037
898596727 930970725
297703111 780680893
965955825 968344944
226005305 827279975
373601104 656693850
907427318 992784519
943765408 948734179
677449817 993084984
538616725 743017467
909075038 932365502
334750122 970410788
30802012 142909401
797956184 954430511
136765919 354241239
136279144 868516234
476989227 919213563
85732940 539331366
467399200 702664960
588990474 615950069
609315882 757748894
37545642 738718030
359662691 479379126
74117035 880268725
41253239 622517080
55569439 179812465
636343368 823550578
186611717 673216685
828660697 935166914
828788983 910883517
362830896 614691750
192575349 467992970
93617534 206254309
690957352 751227015
399753770 997717245
305633799 638208288
189549626 211126287
660869324 987178183
430542024 764012167
362631887 905098472
61793769 194009413
722638921 802736538
71919273 669594093
81360510 816428191
406014592 475124022
721441526 922998535
367804584 819352901
208943872 704631943
180392851 405332589
141618910 296749015
927158262 932559013
871351759 979651124
507521037 591709789
411275776 483913980
431669425 697579047
92373966 204543554
577976269 910309445
296146870 575407302
647933688 794580550
425114312 821440819
239673659 634919970
278507174 730237387
130483462 746291220
482651185 583787132
319237792 498015328
34034187 528120057
121469539 637338723
192809533 411167659
677438080 840761486
601329384 688084316
253430593 582670587
184556769 428136384
460519057 660877186
806466274 856663613
347878037 708398337
612670495 636774270
374172059 466947829
87792772 710431462
735013960 993719326
976486620 995087670
496268517 979410170
455918794 598944468
211878502 683827217
134710597 347375371
501901272 830422593
28006458 832003764
286133840 687936067
722691878 916125050
394015042 771542038
685816703 971406593
844282622 980161600
964336365 982790743
969378120 997836380
187687861 882056770
939774365 962253216
198713624 903597155
682308114 864445870
264523593 584581187
981059486 995464957
49327503 653041792
510490971 719153921
794536666 806781870
230705691 985049020
81954768 83303583
841946429 886572031
841322151 907069385
145301400 385443511
291635742 333892102
749589584 848083820
977376048 997348981
98737398 921596951
564490430 906825263
444456848 974091399
248506950 434749899
817256546 831425511
747146684 804452489
499910547 542373258
294412031 731944135
430231473 534771226
493233500 560483168
601890620 762654171
45071637 570021278
162537678 339706824
712629867 864821559
497966023 522263866
979816480 996823497
889175701 917139873
146964734 417180200
894744774 972464662
43107409 273663932
626166611 774377075
760258821 801625876
208771989 966187026
860365097 916190855
381394755 757092157
148979993 267347067
845741873 846599829
376406009 749402693
598871236 847086436
678645889 996834102
593155660 694091434
44981763 242149646
783746555 844119757
915021764 996370473
842866256 854559123
35770562 758916409
884626248 890508922
958552720 989887140
187089986 433822314
574765354 718783656
805983065 931455737
99067127 383634089
494394411 528521880
661123772 817815317
42755085 868991874
950696342 965132197
514442848 706428770
507548472 794115558
948750204 977646198
241927953 543029222
388753051 887843013
572888384 598850595
619936770 717183690
929767255 964190970
802515297 890640311
460732859 640592242
571349419 949563079
800495942 847355944
245099069 328302087
443530853 905768422
842090570 995169623
697849433 700949753
719837606 969260699
866279662 910250175
289162836 977150123
623047545 826507758
751051271 794520780
553210430 855415902
771110036 861386049
708241876 996882881
863408734 995530335
842120725 863945307
898308313 906071911
540012697 594050179
299565670 487311532
788978984 909842315
15665652 530000518
496595203 555109480
316794728 932090911
907866832 931427401
1646519 253393015
974831974 998923686
556832947 895478659
487215858 724653227
474390089 474516280
930897668 961611492
662317460 762963670
229044987 848493911
793107816 812235213
241494851 817154406
260890769 639863903
398571806 436206946
738048431 932860536
533763326 785474717
11298991 576992289
239753629 896298869
250784550 430541012
982583971 997524059
517538824 590480550
721761775 835517428
227431605 684330445
377966625 549708687
98671725 502740641
93078869 990749017
574202037 817337296
176475293 962607078
578182207 854227176
639736288 852691476
571754171 911056170
878279924 908497525
964863498 999716467
856427985 938885569
217914864 514691531
796902574 906148034
719697955 768611849
357613472 544113023
980812727 982132689
957274967 967084334
978736443 997821649
322060335 820148874
269505453 614520228
754378600 892610599
703529726 777120630
958783320 984816678
131813415 229989967
254576226 985381294
642590136 705033542
686554548 891469615
726300232 846060103
210656373 567520247
427678881 625333955
1931466 592548537
960085344 988580972
675273134 858802768
413222084 507977911
762311458 841128217
340200734 472918667
809774357 836582234
537796257 764837893
708445428 948871163
228371944 518314273
73296256 462218182
610512012 792373141
250388592 343000075
84576234 861942583
984311734 990855643
677812852 802889155
951588223 990977725
354435144 740567670
266823556 639596118
507540570 655711011
603588504 751425086
23539874 448587206
468812706 719102542
77756094 676896908
645785227 696737235
496236817 986395102
68797443 869715896
954174694 995124246
901116273 965340023
237003702 404696705
867677641 934012705
538839508 885054211
520514461 674086308
874152413 888493574
692229232 753732506
944602243 991033036
577692273 864469584
109496405 251128845
607514017 809088867
374152256 999643465
515178030 749383434
806112719 875366402
897598852 910179504
962610500 972467152
669312591 867058191
96179819 558907512
301682477 518665339
8168898 993128487
883651491 988177931
738031531 890245900
506657476 969601690
129173159 579861565
644302688 825673330
556965774 851241560
711854040 795810172
914318475 965482991
815889243 998269675
383872270 423665245
939217500 987094078
748637207 762954519
50178117 604749421
125154397 342760761
373988517 892677756
379305243 776448448
326684179 836986927
375493483 596119445
398117013 409176131
890451054 965300419
320693198 377274524
208898512 778412211
188244663 468810627
8684340 102804922
379072229 510478964
26524167 362292321
740809624 942150767
509955609 907890094
158783571 404259833
756348090 803325024
998903045 999852100
374420629 658459532
972792309 987493597
818039298 825805887
119882039 835055241
509176358 664071767
105847280 120490629
867475865 976573269
378588594 559798960
577826844 994115751
313287970 342143328
451211989 651294217
918871110 930780554
215826345 401589598
218374521 925735491
620222051 789788475
50602311 349294742
744539509 951347201
295540690 390799566
514341756 666447543
286997773 843283050
523358076 561613715
277047173 473794315
580570424 711143037
372379214 543785935
231794968 603362036
920020040 975541391
580041178 667035411
680458974 681775647
994429698 998731979
598055705 767050948
111435251 997655580
446102374 933673313
609588421 934603286
737718596 820930035
122920560 934711509
262653123 512004838
29477990 345354212
26207936 534923985
238483145 974890846
940220253 944197884
315372385 758741792
693952137 844703922
406374629 530277568
252711280 344829345
3634764 54823997
185935388 221343769
123328587 335758920
815567008 930581144
896088032 909836791
41433982 994045517
59303176 831862505
837770389 926588816
217517809 945643061
448823257 770977926
484044735 560258284
326428864 427044789
661246424 995406089
688243969 924897738
969755278 994291948
302721976 874705203
557781438 742089697
300171387 846873417
911846308 927935818
752656402 968655315
230353663 249062358
933212264 939047188
99216341 145034649
600532197 964707474
296488198 675132627
219690527 859770362
463227562 799590438
156127493 590359197
492158575 644334422
143620471 609556754
538574658 664281147
258609036 671262509
411777388 981900950
319973038 394385610
537130865 755545446
610921144 691808615
38438095 495697620
355024025 765015338
519804765 876911440
404618414 727410025
52180029 742681056
416564082 522809232
888699116 973696508
870322108 984252391
781035805 965429429
41344648 212962226
353668894 535710826
893276573 960264315
460113674 472617618
753253795 793205522
646210964 651499188
853284928 893960526
419395160 833268024
367029266 544960190
74929966 702185692
624673756 672130749
459254359 582028460
559995314 856230780
204267618 899369197
535805309 552990996
222720524 702923017
672117714 698074500
230128206 461233239
587428438 921210445
583260059 689068723
506299580 998495984
535641557 877185631
491296891 876747722
987504287 988745112
944063928 979872466
553053245 951339555
302637969 475478220
773286067 842968255
127654899 569823495
494057550 519050870
588180759 983504225
760206488 892719047
896101538 975400271
669279755 791725193
151331402 781954023
818621017 880877869
705051217 978450629
911264601 950485820
246103390 264208330
830929547 834139750
341181488 893277206
618574156 974373651
789791424 949567838
397501837 906220135
952167738 967661016
114475355 976793553
535943257 872671844
138119879 480552568
881444757 977612631
502328495 662465753
747408634 981643994
135359832 894815840
280452443 331454988
714776069 786697405
282907054 927221503
82684024 997849725
898509850 946605568
872193939 989220463
791240929 903294139
360588798 666567407
9463481 39602030
269038274 516147701
802189969 929819778
220237790 420848029
5249325 844201936
852740040 978585006
276173352 430870222
260424763 383020225
313291373 619023588
550892734 659373440
371821114 423910333
690283860 733198596
240569763 886751350
946428632 996175553
508191449 524442470
224244654 602825273
771216875 971347944
952534297 952915878
51349895 137575492
636413917 982793428
630181657 829653312
996581255 999140829
763962875 948640883
142269099 575979989
768087001 911958364
364084351 377599845
17326431 421533676
660062147 784607118
524939740 527378061
404913081 884696373
112558692 871284433
553923494 559901626
942733114 961922437
857542633 898921501
632878316 669777605
453296833 753503502
989979938 995117514
632731480 887418200
330722496 532022550
470949145 824131955
956969946 994321607
855018173 859726111
220647094 504792815
167541863 247017233
26062629 497836292
164848544 332209457
670334158 782077441
429606600 904513982
359325078 823494197
950002328 991098698
640945156 983352122
491557106 543153411
620665748 875301698
725464820 910434281
737716404 990154444
577170587 898529417
524856190 890491018
522145499 917369047
372402016 843219731
606559801 774365156
475953604 637286700
536825802 656825352
867388283 872296139
158352408 821392692
159239062 701217981
109559193 132778659
675337694 760275935
982413143 984787324
31487883 337868316
902142907 984301601
238120443 535470739
831177848 883187763
260223775 728372793
139035619 155324966
247058929 731999693
470413123 681406541
332650737 616370813
223219761 241375215
159420874 663113060
188226666 355718395
693801071 809615809
589544783 832263445
174471542 561296673
841706550 991611289
680774021 894851005
104845599 290622500
268126929 855198871
242704908 276426898
480235745 520250091
691891641 846988991
786084635 886114640
194886588 915996564
272277427 838367405
437039046 933817868
553429307 757213776
604945452 791346901
930426408 975532247
397050426 568563348
938300286 952818661
53110087 131442645
685773203 902721324
766782387 808865168
439366623 968329957
514499571 529450372
412174073 948431036
323032198 676856801
796550374 810422442
785602132 906580060
401144802 491198243
297075296 878823616
806224732 991221452
461450451 834910196
940385388 992345168
857303614 973682049
878486690 914000280
795292296 851410215
237758344 409300792
877555869 877857209
126865347 951302739
482062875 571352487
212609103 886254610
308729912 834549409
602539546 834372097
913367374 967641589
853618134 989861627
627600352 654215286
544585724 918802504
1111741 777844281
699640518 948955411
495005179 845306931
396319759 692358604
306760562 783209919
815043951 845271501
943321423 972328848
631635778 873212358
535723722 567705866
341314946 641433468
816997442 938400148
795410360 899146451
439505264 689698143
357335826 801875907
513114850 778258822
191174893 278789342
558719726 698206055
980832499 985482146
294897755 716957684
931506631 949366846
640029440 879329246
240998193 246087176
359005297 776878804
800593736 819670342
20140426 252099581
121312769 279719883
925131641 991029408
529122810 583319494
846311776 965438431
617128790 986000196
402113089 402175588
981864241 998837171
665681424 917027181
599296952 799350520
47789369 582266404
878477352 885122836
770769072 782555993
48280979 597147495
799264016 994574465
266067579 721774340
864295886 912661550
459570419 974982809
613435014 926802427
699472275 963696263
811743366 983789235
788050005 901085970
991526003 998400436
846254133 992330441
910922508 960787251
863902706 884854344
487181159 580447880
624595672 968062730
689797443 946647245
634858755 805008506
670586987 841825341
759060207 788320848
642894354 792763343
436913129 546745565
462881792 905697842
60821224 160572938
705147587 777489569
133253736 647469829
926687757 980283643
591432626 964304213
407328679 818563390
287359898 977109805
816679785 954173886
660464614 880941996
969733677 991497974
828024831 997509313
95642789 368102711
749621260 824686599
924737806 976374644
631782865 998464147
23645532 628825719
569357647 770969447
271904998 318665398
582454589 746512841
57130243 769283820
910602334 990995927
942608727 990108863
569870234 882362866
400518950 518908967
431102468 790376516
620744788 882826268
480719268 979589743
525860878 622969037
671628495 864773235
280441110 581458012
87747874 333499139
384091169 832640874
635035257 746196143
51615270 909163954
797014484 861037621
548001320 798324339
506033206 679599429
298596079 722158553
867709374 991089309
988780954 993419690
234152204 874525397
235744226 725207461
721815447 759519867
865533367 927589685
969917578 973476258
342564510 517910376
388757092 833604150
349550672 679824504
888154989 959677812
651410683 947267754
260746492 957924442
185731074 322574356
410151647 430731335
679564287 716348905
78097520 952810510
107492737 725230192
249456190 737130468
679511135 701535663
785144833 849005937
30981747 537974357
643923937 885218396
785856612 848874783
610400987 860561055
447109807 951885428
91919435 709869395
51098981 620586290
223706249 496417850
48668587 933571622
827140320 833853795
896773805 983658705
430454076 504445361
871556065 887782788
817113750 957097457
124355095 306503060
873389516 912718759
795778435 853140496
456539216 986170789
85072848 601328214
49613550 830136067
971785830 973441210
614158350 811832308
177244737 294010276
827566045 870429324
961436663 987479211
950172970 999434575
40397248 79225839
104062543 321892971
360298789 974649296
366599029 564312146
878504484 940029657
11031994 891322950
874417064 894719786
874895948 959781176
697322924 814938489
203616264 877392453
668751489 879797219
659663924 827192573
119357746 322235353
828254201 991997682
989564639 991289371
98315478 300116449
309093195 742796451
733573486 952751876
757436191 845901665
259834136 732570070
292224128 425042391
370087886 587140635
864993058 964405191
297823437 361858660
99091848 247487428
44079836 931295855
533322199 723896652
174045863 901423324
125333377 814013626
401011145 427449686
855784057 975375925
287085567 481218833
45085053 595811203
37611436 460909868
55971869 470275539
200288368 269271144
343937170 642404552
241939338 804905927
618517964 987533298
109096129 999360442
996806219 998766597
935999612 965775956
952102809 989342970
605343155 684204635
598461821 952183763
518285505 537045037
172689720 515171726
140147608 492742975
244695261 717063304
633878418 995875446
271803287 797052391
62239166 610170843
541235082 776793953
93577117 615697817
223500540 348756305
132610171 546991362
235767897 315934616
9155461 254557365
885939709 993185537
704970328 794172146
616766317 910480391
477682606 534617365
971436089 979806900
884991237 891905430
56135485 867336783
383574740 602572959
53359188 980414829
420949919 689254512
401193290 629504382
925159187 954247238
328857851 647728749
639833554 698992911
683297079 946730957
427879381 709502742
112674875 781919234
940551541 955021494
872722888 978953941
118719780 418983660
853233120 992550645
860843936 905492105
801769247 879810223
64693496 846899358
199678970 470099944
348023268 876637242
243313443 393144080
144863423 535970462
290111991 899487533
204173481 645127839
777958817 958729907
436134456 511644372
281016256 513808536
764201966 775752126
226571572 944582276
235404545 651566606
852760287 873619704
304606107 602008996
4126762 529527537
117518074 716512531
764522307 786702029
741259081 815299403
521475795 755432127
936583523 971312920
395692706 871722592
283037816 947903640
906746493 922031283
811728988 875149543
284364114 970126784
452319391 632627070
257812854 794551983
702007256 998652976
958217916 959861366
911281117 968209485
543396389 600583516
815815164 980792679
712229349 891228546
458507451 837939831
606989344 988869788
472808798 873897976
438553340 736156389
833996150 978356414
766700205 850161801
829295322 989898330
462308373 810936954
524248219 733964979
938598701 965734351
562973490 983732780
39953444 779287854
40583965 255337768
425440773 458988549
370054372 877098602
54995599 468807679
597920595 631531305
647075975 980495511
708839093 923848208
420729498 826453128
499998215 608027712
666376202 858909716
589866575 890651841
611941503 935012813
983348598 985328254
304988413 317714619
495411099 528388695
10063064 721805192
852814801 976594403
900106794 915162689
505436138 972678829
186804986 659849005
210260690 580492938
927065658 996550183
254316644 458630581
942764838 969111567
823238978 906640759
48032177 615532480
501745251 537137925
472025369 528118237
576095806 823917326
497623092 497950205
390772295 780389155
818934307 841885884
609296774 811874653
848762014 853079801
860615827 900654522
227476228 781868289
49438155 640667566
519169189 653986486
7598764 579027740
209437844 512037419
993480658 999349484
3782459 624703102
350446777 489032377
91891547 728854601
831906159 861551639
415860726 861348159
561408505 587835875
914828444 950353939
576918399 749449578
697903045 961921725
317250151 656071471
176384346 892998715
619954101 682054851
835979086 877709393
502306675 863626793
263662453 965833331
979934983 997454868
756401206 914998271
495487083 516288396
981434964 985634264
614947730 801814446
194960331 392479318
690634258 835509250
80243362 981073424
537723025 550159973
402101914 544266401
812534212 901751076
275943133 600762362
819482095 988616279
348744530 711924544
871008151 919001151
614243448 631306877
747918031 809254537
134897401 670824192
970360146 983303269
30551961 49999632
699658342 881881304
50434076 463876431
412339825 845344077
437644030 732119796
748376110 922155586
906077748 933601621
152999861 298513890
995145668 999312014
247286565 878522911
462525463 549308685
497700162 574057664
639582184 850680558
583569252 964975502
947907602 974273626
912657855 928388227
724728129 946164076
969508236 986172019
274606518 346454017
932926835 978984368
367946964 396449251
173952496 380265299
112055992 197059253
284910729 724166847
283850071 422684414
58298128 386529128
751057824 960086842
889467439 934843525
571416014 972660089
669527129 753399579
857274582 977246975
754678259 851868500
366821279 818989372
775181076 797810209
812099167 935244790
101517542 593777715
455808122 927996657
806055044 901531806
216880918 680815958
957365177 961662925
447385143 455441426
627373852 862967223
959122590 960519076
729096699 978530684
429025310 922581339
260547561 662484691
345420113 971667502
678910998 916058913
27609923 430337463
204853820 465281329
330770287 825741675
387174552 420941751
598163509 822764342
945030110 982868672
462892902 490061366
318772875 862980834
776871546 786116603
592708958 716111547
188142951 703390566
866496686 874934038
111183995 670458813
208468158 553982809
984195965 999632910
446892579 569306115
355710497 692259926
269353551 311624280
427650223 684950636
427838369 819069293
636748413 865033640
230725080 268637229
949653031 950513096
57530125 766445143
639158579 810285721
679259405 993085305
930840626 999181587
90042981 709478926
502749717 969633174
146767115 596159237
558062283 569692458
64779836 382607795
108333377 550067980
156637153 863073632
144858653 211317991
202460905 930782435
119456548 774790695
664168118 984026726
61073545 824046694
171172209 252045667
887607792 946730892
489407177 650585649
38449333 934878362
831997227 898649268
757157351 930389394
70926 161333283
586223726 691128045
466682286 810675787
938290588 984511039
585499547 920063940
602857317 933399838
407829006 740198909
692257090 721523936
872653325 976186879
591349083 768017343
984887841 986740295
24505156 200344372
267072727 970149383
819609773 885419724
517285217 973629174
700435683 865447393
410340572 418206104
6958322 458912624
191865973 437606853
497967448 898802520
601981897 871382027
647085505 751863781
517767534 633425280
971931368 979448757
767140078 864002483
500600551 542024531
473189894 478854133
998762123 999537690
452984810 869027221
717507711 885638099
175155529 341492145
494370835 697273744
50447143 330753828
612256327 838765937
749706908 844609139
385045784 842716619
861903424 982727111
38431726 853008375
759467745 807757959
376319421 693479455
121967934 743896242
537882001 964559144
320430597 963220817
751398416 836092648
504798774 649066787
761311008 780833943
369401991 585171076
260841895 600235697
811030823 836415670
171836748 262288697
584296063 888085918
48335754 309494119
769237616 887841424
968583886 980681443
696356649 880896426
195181052 537471195
981003529 987617963
512242451 542085659
906780428 914009285
631022491 797723395
404021230 706788783
332011687 505040270
221787798 964756006
203310007 370187990
909901922 983556771
588254993 590691149
287718759 680876987
562317980 565442177
353222892 798116504
688324884 985234101
927419838 986865418
76690960 387838930
808304657 962577345
254610239 661395380
905801229 919004696
55780993 511543859
928283943 971346968
157953800 321512365
675663854 892543209
104670985 539853789
838205865 971134819
907135447 987814154
775617494 936693857
234225686 414807469
63512932 193353882
861568088 940868174
777891626 933145045
240752603 534993906
153676161 627638675
526243579 980626411
238819881 835251797
760949047 785908411
788774085 869605505
206271354 518516058
212123647 719935555
867715512 889463201
945437509 978337177
386923748 586426876
959342453 996058465
780264036 969495561
195289577 354577436
686214537 797462929
637987872 756939666
544289824 738221009
471402267 777911107
977179288 994776236
144368363 977389856
46150648 300669395
712540405 844726642
47339656 630529684
869000589 953453567
374394025 944007800
445821966 709715494
470464927 970678715
879389116 987874314
917650236 960051043
728720117 807633836
112104 864250980
650467236 667033840
970502221 987885767
31658989 273823271
273072050 616342717
562256704 994613718
921259508 954916978
100636377 959539887
727854474 976998195
593866682 739099180
587184213 925245607
157063942 781390865
960579146 982659650
852832666 917592987
134375706 412264554
930506758 989468157
770872474 922451488
248847261 707280293
431971391 799655763
473871589 627894701
172755914 524811596
779588754 810215197
310477127 844847402
799871406 904607562
913908170 946845900
424404901 633892040
737293428 995549158
519520027 986341183
323737770 539802551
985462097 988158092
1299534 590013460
139170135 415271986
40957218 936366721
87767658 262815892
14635024 461043252
159302802 281561266
418235180 552077745
6741642 858905184
862643766 999209621
529986165 668058279
401977295 429412625
605496955 892627576
499923715 648872234
140078743 679904607
296024151 717737280
651859530 680919436
967844816 993299504
623528521 740659679
269691205 326608924
132497329 740478832
235325033 437850330
231345266 491277723
721345080 751133071
215138810 309653366
906678326 939116049
517921786 775004488
61895339 853924073
583441166 802342741
247938133 343928205
787728121 914482282
908271614 931724098
886163914 988765276
79281982 125417373
570924173 971317996
803519174 838620768
586052521 863915247
385267819 879503174
147925036 817562459
874757475 988606748
725882890 892081669
939073093 947197576
502362761 703511203
519651616 531853227
16549609 474209395
660215219 916319636
645426418 808033388
645850954 874203898
888469832 931929322
4705374 386617717
982059479 994910886
521413741 880434423
238438128 833771092
358066519 749131078
455683620 937681142
494016251 518215892
260334860 819432005
611596377 686602143
740798252 745536525
17105132 679639029
492280145 875187363
4397351 735661675
287198813 730735030
220703808 758687376
470823182 616420422
24441289 842125500
645863664 907103518
240272138 340687120
333732360 425198670
424287014 614609478
640316281 903855911
674909115 812841277
540090769 700590471
185446487 396303484
607537729 955161554
260953696 855105614
42688795 704428532
907471335 968947263
514477703 757428863
785017634 987134768
380832048 398774268
306678884 498820568
419282132 716246392
830445805 888462039
157767406 261055367
532063770 621784575
180428703 782547832
742693999 830185695
46668078 677313440
224460894 309637546
861411134 890200735
316449891 939362454
128032393 146104908
176433655 768097391
462665931 992430853
641926902 888216942
221689993 562512857
343871386 995102165
464089316 560136779
512003524 907263816
223808196 495216300
108834851 305138481
730149785 824037280
987678060 988728618
658437783 800769627
491027582 550995823
281759611 928105955
243141078 834925641
126995776 645944303
535108456 821999807
364967312 843767630
423398060 911310488
714955633 853915662
55769293 370630636
345949304 533946883
605710422 844936003
2547079 723293244
793332696 914725284
383055656 552529847
311832790 892009169
758885622 960699795
99331513 296815870
216638561 444157248
833670799 839944554
424183466 777105010
751264481 819969032
149527724 494577570
61633290 922179205
306367674 784701468
789554836 840863124
798617921 977548968
278466280 782835183
87845478 258915450
762975188 896136401
509090051 868376998
952556680 964602372
195985601 785602577
176538307 176674901
306648490 827255705
294828243 697342340
888958218 958260152
716138031 950951082
565465080 717804926
16272264 292748316
113903994 258329093
463465377 650222608
339549977 472359758
538079689 734120230
975980152 987006068
949128349 956376487
918720896 937690336
874911422 926926266
343227264 756376389
347685651 638696049
866974830 981051751
451760502 893342247
404246082 902801588
580017737 940382163
986885063 996534211
539323009 820556567
955576410 974128709
910328446 964756941
184226171 379619782
970291604 970586569
502257833 609237558
322744356 902604993
793928649 926484585
860850697 960754366
768762794 979472008
891135385 915583975
916602783 936461932
861031433 904323828
561739562 867607733
469451473 587237220
759205141 793065612
793264333 998178296
685183777 958676800
347947266 460311178
866099259 935770034
40477925 509243996
415159885 675262206
394105247 718484836
462409592 711793794
870149955 930005942
401261415 804973672
561586595 985629877
59389323 293765268
425648637 996968169
556549100 616307570
787385147 810483511
505621195 704996765
817347743 825174828
271554935 698489141
122256052 182012795
665381464 792914837
233648360 669536992
756744210 773134498
816577017 968705517
668923413 964775456
138718151 412044880
746832676 847714655
840817348 955072753
270489329 829108712
504909342 609961840
685760136 866192003
638657693 952852358
325658156 676244149
799004016 808486021
369089641 698212844
830588228 873579265
913401984 973917381
143307269 861990454
324603652 846257394
540576928 632075622
759342606 871233728
232419143 935740223
748320072 836824826
188474372 704368883
849555715 872619795
451726788 790234756
311139645 981955765
87320541 419005156
23926046 423414828
573807332 783432286
138310995 357607779
935344212 997766134
224516051 591657768
794984694 933347589
722672137 749280443
969489038 985430508
595433529 725843275
479919869 788411264
589855486 843065067
778831270 802884928
735356189 911886174
438524875 472443953
326787684 891275979
131587338 180447513
525098480 637422130
99859385 582388752
294587238 904669890
700143438 715932901
688200092 865714392
310784063 781743650
997486189 998934882
750463113 791650370
131196692 361792321
459151617 872118959
644220873 807511783
682522319 769871379
822296466 990439612
155306936 253447639
560343352 995457270
818773535 871294240
154648671 816994718
68906342 547821767
841196601 939699234
975393646 982009863
4503868 840701636
534317238 864410212
802379871 829952191
189620849 618997549
678263358 778541157
314456567 499719057
244767844 446059278
915700738 995911545
107166948 681633367
602132402 842563110
13808445 169242298
730533297 954992347
338476553 930403917
587326245 587397895
547392895 761451814
576306226 624509835
524357550 525445323
542661340 682504275
91977590 826896870
90747173 750208473
76480254 579467888
62772634 304266947
390075438 553150685
999776809 999961859
97028892 547331293
744823687 866623915
63249169 79936200
182691076 762586394
768855314 836638545
586140380 612985809
671410369 758402428
219674220 431510490
933269118 997863667
498386329 721371942
437655102 871836766
716144584 855459506
822773658 887712266
464806814 873855492
354546799 715215733
735139246 979697199
625926369 795727799
672591325 784803495
815895072 854554351
661213173 811860694
628497385 724627172
315369301 550360313
510024510 973554612
643831372 836712119
930703801 973589727
644273736 949742280
810545940 882189384
379157276 861360558
632374327 825520379
451263279 486427305
500518881 867950072
21336571 163357296
23685018 907300795
744530015 996583138
596353738 766839377
826596035 893813566
743269134 940850856
411300366 747322339
242446016 667123045
599282845 946336005
323189814 543253908
576008563 695267523
532313964 611405061
383054504 609161115
971275772 995398312
666725237 770244815
973566557 975478563
723138946 801388080
909369637 952385427
854442876 888190326
276970715 776949249
887434390 960992438
110426008 364140902
608132212 743270722
207737204 864906050
536903102 588142334
802048883 832136661
439083518 439734182
104590070 392477066
172259926 762445071
892001220 975955256
92464060 865785708
910240576 920651889
13065957 509190255
872824783 892857585
729200557 976305961
694815370 741478811
255684047 492129170
371720062 844570952
236613440 277205888
177880734 185814896
431283752 917797975
667857734 990249334
756598396 926078818
717487722 729982972
695386429 908195967
795753826 798907926
44479816 70664339
420690563 471667273
212609918 547622451
784208765 851188864
452352010 486703712
940139834 983085297
727162694 828634488
782184526 944833586
92119150 700796614
478481886 728992315
285214855 368956816
917114125 973087549
973591497 975671259
676815075 963413789
805357825 853588702
201317175 811323194
160824270 630656609
884176903 892177242
773595131 979096671
75482448 702707118
794616518 983815997
692738723 869266009
688993369 777922419
15545713 287909790
624997722 804391459
192112750 991283021
519436814 632554811
894138442 981463204
578291520 787490593
526407448 733186262
689673398 974266636
299192940 851222870
651276101 665599271
271084533 832111799
599934051 993863509
22685627 727504566
361904846 991839357
32570059 349232278
616268769 942876428
360042835 821589145
359633713 845306383
786518509 944397446
216610262 377627160
602500052 722308630
129537690 803751154
683303488 932679709
731600415 935137895
101067970 743166519
867093305 976866148
347633346 820951378
249216843 895569017
981299500 991775793
549323186 812067099
808747051 820025104
951965779 955826091
349196555 462357043
651784650 669045253
230288614 358884815
600078475 898556181
995114581 998615956
949863693 968789249
794006379 812151800
884919526 955681195
938066089 965355844
344788760 843084333
828733246 956984871
648577009 869763689
791967834 989329030
815670399 991829338
190394708 953872844
319298490 665454779
247290537 912683656
712899338 866531788
876099490 937698918
726130627 915082569
459124604 967792569
50749085 65604956
230099095 969831340
195787948 775892391
85758497 714379810
700255825 814907643
562007838 771668760
605178042 652974686
240128960 846168172
407781578 565587018
104200073 312523093
453385941 749282179
118330176 874047643
93520580 234387547
932556211 957410983
357807881 771687307
442228568 578271524
938550124 997223869
859373017 882942045
467801265 788325493
354525427 871272121
825116443 874277214
208849774 449893306
395708297 547783538
141320696 519540315
687616347 741735369
93026253 487931438
87717290 276924798
111859778 388852384
518867832 760414678
895979758 943486082
318675612 725604220
550500387 925746610
517230820 608259036
614088835 801302665
222483492 261524867
292783663 598087521
526318879 946543937
132880304 774293131
479494217 816231819
726021614 872232045
634020879 680795343
999705544 999899392
474599426 686701977
132034545 513589849
187604317 855825626
942469854 989550848
683562662 695072006
50940241 416484294
38883886 349177919
824507564 850560766
674066157 850679987
617871038 754563706
244125670 943836781
652854850 994083405
800071043 809126288
319617949 591401847
313255309 878649747
413233699 457457307
903842553 949359721
265667069 596726334
894347533 941843197
188303914 525338134
597690380 855883401
146855082 987043328
190701444 609110281
322527472 513077537
403492089 508459720
380017403 686435179
677362203 951267373
672106752 767010289
793475350 984514788
636084437 701670784
532201435 690062825
625040123 804835495
809483749 943004339
390831038 872057579
265605714 470022884
422561738 535153658
873475205 978098919
339087985 885281597
289206584 465965430
67250632 93901446
228072571 691121654
393266649 932015888
475828801 723055596
100426692 308111611
864559721 874906189
964907733 988587570
91846498 158413281
974899093 992034810
926030043 939182342
60563796 414226359
523197415 977549938
519511439 668333948
587850212 601445487
256674894 719948173
67997458 103291709
528615569 890231594
707257914 954768349
176158096 275641326
685243518 794171086
405302267 753963557
288858072 518032379
519674145 757818538
944694856 958491854
283308130 530787851
231975305 786962194
268392540 788019854
544668723 761542194
457726746 713617571
997548469 997909484
681158490 767025556
745617459 857639277
897370325 909156459
772802848 987248373
307140506 442374518
212796887 642891132
767123239 807264764
650526669 765026365
76989453 924108037
510316202 770664429
816015365 839703602
563747656 710619116
754002595 847890556
41493628 331472106
376904794 959396485
885395987 931662729
833652389 921711147
46996760 985446878
833571585 869683341
852876810 988701165
829216913 926565834
618020568 706133121
928347956 939789169
409301060 996330554
694377875 956027197
402253759 571901746
159489747 749746581
450313961 700603210
455521101 936905342
430503925 738187455
727087220 761737782
104695480 288485042
435442671 532193497
392240496 577705552
239308549 929387925
411145786 509380446
215752841 388273036
667319504 802783298
501766837 684925027
578684751 962745236
910714682 961428342
875316924 981852276
333780820 757105291
286318917 888876222
473249551 949282955
8868258 325221336
629921581 649560887
268065296 839294274
756992426 793414045
51137263 703762871
638140130 848282825
664624365 874815813
55854956 57574268
353460461 463107915
597558900 663530229
393074565 841163344
66437003 237044509
118913225 542491482
632355144 778261401
262979436 442726056
685201311 763541048
583578348 810244989
95031561 686365997
652220461 708898562
132834152 940042110
168399083 282927279
896513130 954677509
550625996 789750772
927625952 940839512
797785213 870830705
642397918 955546244
327410500 487428140
719733425 793368153
140648795 764779917
774235920 855636834
142255638 962830720
19946122 612528734
103153041 743763761
81095045 262415574
430166733 776189659
788417726 892194554
402686183 642764882
145136110 481283698
903659942 955114932
773084347 991920500
633306452 843973331
926673819 958312748
504663757 563387490
913245720 986650348
825626527 906805832
967888760 972778002
420491351 450183065
705481752 936239942
999717264 999980420
848549937 990029164
155610407 538384667
163120795 214093345
710073798 829810122
142340100 230687273
935879322 977353491
84799695 811018318
235289774 612362534
843786750 931499235
839692967 945972678
290525631 721032149
281020871 957691761
670865983 750932589
985830491 989079607
414870657 648776956
27980112 493469969
780254015 839689110
550680069 909205476
743106329 762662080
97615369 443033003
262632392 601969868
675642842 708624020
556682100 932704387
884423178 944552583
328391806 353650106
646938630 929026323
571228778 961986074
866505466 884662274
662436308 721135286
221217461 725273472
796823699 971327132
393454256 937414333
57330471 140313150
843987892 991138106
305107491 556143938
169473254 290258271
891959023 947088534
682930821 755512612
894789362 903736957
396970014 571421247
563347248 637650133
717686128 875981015
543930890 965524986
332432535 480344522
415045467 786424455
559747799 957071400
989531660 998538466
76004384 170744677
980811216 991859203
105932587 263815510
644386260 896490500
776638169 826611593
397058445 588632618
802726839 879359806
534883815 998288024
506502906 631284606
384674810 553143204
983718026 989369868
292110088 619119618
451344512 862403640
3408679 36412547
133534901 419777615
680267828 685177824
469214356 749985442
774574757 897502162
471362753 633302260
987208485 991786218
574789773 700892198
141582288 281094900
467862620 764842161
798395724 856300648
626634382 892597248
232985082 471154406
729775656 906728666
254109474 409849074
139580164 831149685
127964356 893557131
541339057 798673865
222190066 948226260
381521058 692814983
523360223 728560656
373268109 950832765
563040969 756505886
920599002 963438853
656989306 709364097
915677314 988904263
16678299 343648352
334642997 632173017
981736517 991499498
113144257 964710012
188033281 695867196
418722796 769962710
16869280 373153032
651414002 673442026
59738854 784805001
346351779 737297565
192493882 359160354
606835490 759612877
661878247 856812366
473226809 709987513
277811473 965893230
857706402 946638190
804723878 926182323
251453612 566668800
30486509 115042758
214694597 972692094
596779587 633608664
3553105 832276449
785366468 925040372
917562125 998671617
680788962 955699608
477274644 689229545
779495814 847923670
584538593 606574863
894798065 987552537
224291572 600288186
420605887 828758850
726432749 919456652
896792993 968466067
470416216 635289531
150451314 618021882
547560337 648445623
249313055 700088267
295395715 334010777
614879843 863135674
313399054 357554827
411600896 556390275
396387693 840761663
208895140 711049827
475825259 941739880
270413426 935771925
473207302 587072961
948229080 949251658
101063625 657573703
16552321 639001519
929067989 967588399
780187113 957957438
750656131 841306231
711336038 750124998
536604502 724549009
153803122 987511121
26907000 422383805
220590631 710713844
836211152 936577367
803137383 893649822
433030674 645462656
943557697 968682330
553220031 688653988
674178710 738587589
33131576 501695238
758199839 832387866
832905072 890975397
876048384 944216710
83255879 759080984
541580532 807463443
89813139 323352088
664179429 759753469
173476927 303162288
161220795 330892587
666855032 920336841
677055255 790172284
833165303 868969410
113583200 751774546
920907839 983904903
4662549 187988577
635273096 639336074
872474726 907737200
837190863 949329374
256546720 359866087
91071828 522750996
458174809 654565351
468244727 534509094
361913794 870115631
840613614 874797897
289320192 383340699
122003091 265153257
393462609 778704863
499351547 840030009
615600293 968573139
572611073 966086911
920172736 947245585
315875973 368312825
325388148 667734408
410633405 560154452
116042830 473727615
898084569 917988583
595282239 923651631
478545244 830806324
868122013 901215713
635849538 966771830
436171870 454026626
150936545 168454636
597619385 735400783
544232858 747945170
731493609 939190111
50272299 70880487
249972037 488660081
509326589 811982849
73853015 432309364
494761021 642397917
944377740 988877134
800962002 871036156
359194823 869601782
936658169 986693626
946394397 978780774
986564465 991515683
273505342 387166365
76811831 883902272
717746232 947225958
430497374 510125425
880902330 958663848
392517933 649031997
975243932 994131295
516660030 770207342
258177003 924422143
19144592 237551016
590556635 631312638
359721923 840726186
200477520 790110341
102299797 610189659
737706855 865108101
996854473 999118383
51234171 438918740
727833123 738542283
578332506 760629370
983354717 996327406
701122413 745190072
916664929 929871585
182129202 677644084
549724014 732320138
657864142 995267934
515562101 981016081
934256611 978731297
221457316 628662222
537862166 766104162
18866768 22163899
587633308 834099862
261907446 512993315
456494975 796792171
431238280 813089584
618069693 718783263
615158016 638082858
823166973 991573789
595379633 964553169
21306848 688666409
194010520 880476406
425205599 664375908
209507926 869612727
426678297 603217669
568892934 919725090
386532366 744981729
289999257 989374164
843721527 989020202
205793253 878661267
871816846 979963181
296675658 702682726
226878156 613797789
956090259 980951447
251261539 350713725
115924011 474605482
290209372 508344971
243750204 419033621
218159092 510548826
381235603 886835846
782789243 988698736
629177846 709397069
689756444 899017580
792154558 823688673
328259640 417878599
622229693 680577840
605068492 918035270
952857991 968936140
637116723 818610758
290120485 409377383
11873185 156403251
127664252 803210747
136344766 485207622
292012525 609743730
952442099 967335052
621965572 693378465
534985952 632666616
854344068 992272203
168426638 624596770
910363160 972742978
813100422 956944871
667653138 669892132
395063035 908810953
951226347 967249760
825099391 850886679
611160888 693239991
899957151 971213034
527452235 642171914
230558747 238826651
585076925 644145859
193483380 793049833
390957685 913948313
451323393 980751423
665915277 741892678
848054115 989773716
457966276 666935832
279620560 590542354
419763070 553155813
452600389 714497761
969901450 990055803
909864939 961082226
788901226 852655615
861331475 945627217
710710623 974981144
119524450 446485362
234778317 584062015
2569132 7718620
65038807 544120895
204147379 566823969
624176130 935975876
255674083 544601948
72702129 819928895
930060496 963758337
332912849 969980275
289270376 523262062
723071654 790549245
858819920 866549129
709184774 716998089
460892863 468007977
345685029 672490362
165843294 926213583
781750033 864983471
332372035 586777605
396755503 964702133
689686396 920567072
261032312 570058878
386845200 740280800
507400264 668613572
443914197 776022349
94505714 237213417
342625818 740216417
695974970 896757796
348194691 920208924
129441834 670034864
733581266 927327211
920945511 954081236
319220041 579518950
873143657 910782156
849756903 950550591
706315776 970703116
163109052 479078071
8927487 753204156
493199686 939792738
376679417 608048408
976309269 991829074
338840611 579546087
365384530 536395685
762425082 830341972
479299835 572671516
741966721 956124583
63148662 284050527
899478712 928187234
158898644 991743409
244056295 738409601
922784200 970271389
96511431 868118336
200220027 455732722
299710062 952034413
165171403 326391162
68782933 858824474
195595588 548268687
158440124 669786389
488170322 536890734
319101432 727576952
454905800 842096419
148382996 737698241
920239323 955780063
833930181 970059403
726153796 839665026
786746332 930273172
502789854 538917201
998069931 998825312
538180071 827157261
228829919 740353170
355225087 967449901
967012579 983168827
636183567 934291562
328492203 593921977
169378793 496707412
740445925 799019557
373071576 417205227
759309995 922143956
98136257 894759885
905450682 982410842
194976693 591791907
683485935 841775367
245209228 879709215
985499743 987321653
892984067 921630073
542427142 968267372
197782451 938735444
306457714 970296562
463244518 516043901
79654244 777196160
969249962 996510703
152869252 444252931
877583555 953652839
388138685 909280746
179646321 962894717
106989016 370930802
777876637 980299163
682099048 997645573
728663983 858649423
460739101 952784701
76027475 427272973
921798273 970478643
873562856 891997789
561945177 591540410
360350876 836117419
953838319 989789431
123415691 534502970
651495197 812461620
105826 636449791
781063339 848857556
464868384 982112648
349977064 709197608
743419593 907039523
84602447 281006669
84658729 912954005
665577241 972708396
456423585 850606805
413977635 919692581
971084570 979332941
776602070 795221966
572545818 722940250
437100455 489166545
43952916 344518784
199416921 759236199
814990198 946955862
207240542 666932815
574135988 980657871
685164834 770038081
809600705 881125016
884614745 972696201
347409302 971645145
853810121 988660851
271877209 921247620
236571272 996816743
659761392 925801159
776040444 850483886
467462738 680358957
773344624 971711887
850081496 889972574
680544667 962355423
938334757 965214463
139299593 582820982
474945186 981575415
793039491 845368810
64586504 267315673
349290514 704822718
589793659 670909083
505214643 771726056
167118393 740600502
941727225 944148550
114311702 418729510
737314795 900135977
123590447 297267126
202813251 891507967
370131489 628349131
744742023 996307025
5104223 554714625
642861856 808223452
133528577 899421341
311293716 417897258
851065189 871750279
802914665 902153002
864087792 899246739
750694783 942205725
746381519 792413272
526518439 958075867
261755380 885218152
503704241 616058228
743720067 943997976
843684492 904456000
197522612 690668337
638516716 756275670
835670098 954972093
413667343 829894581
637801875 694879001
642532242 856407336
741486254 816497541
735402883 834261288
897735342 994991878
28538878 965433002
371978532 945735082
606190309 887650456
755181640 868687759
50900535 414782729
373119299 973865294
28544383 512056944
110946247 677820314
196375606 234651319
712609499 960949423
227914558 983631152
919251200 947208775
456430240 732814394
579958631 695689965
909491936 924740734
707568211 969192167
386093492 550019046
889640443 974425735
132376958 785756969
670211429 850526295
615802729 621506681
980695765 982108930
140092212 810568780
234368205 323608173
161091355 829846618
176866225 345056662
172947861 536045926
888185271 981696832
273747910 457149663
864033327 897134152
355181299 983577629
299362123 955336529
355754915 387739940
236017752 506720455
928856306 989615855
122013832 806941050
420265208 707726648
241667733 849245201
473030423 906036423
984967134 986499048
601691566 808137494
291526771 860924139
761326411 803572882
20862047 852340738
53102365 507983673
286503059 360601875
757662067 867685042
183622873 486937658
154799767 964378275
277766650 488818299
685796556 950283361
917482463 937298715
895376241 982927394
559076016 855853143
470679390 623728955
528845073 795916647
432882516 924029829
452827123 667913622
233963285 892203051
460074145 769021388
631402224 656296672
370574937 985122047
509714930 737031063
535398257 832575180
902147737 991706960
183411038 340095770
50399878 790442590
162157311 529603237
491364846 564498145
809425525 900047196
630393614 726690047
23939308 279056759
174728728 272889675
738951531 970371349
305913917 829098045
14533708 606071459
542775477 594730271
359568987 768726733
300109572 785798396
466874767 888956375
504674574 688071922
949900068 953821006
964338254 987291996
472744565 988331697
889015239 964645466
963217044 970234421
823719902 848022955
738186900 752579187
932835321 953777451
890164490 918761738
655225912 670102354
407580316 840222320
266641761 528355587
989109667 999493279
997594841 999310022
987102488 987515970
345173201 355720103
436568682 580355036
12097661 61630410
444694692 507277170
709149829 810029982
507681021 920060160
388838441 796024524
600884821 662669890
830877398 988355853
543014826 775651284
865124224 970417924
510654831 900595308
38204423 216375111
938253683 973900551
248887451 993933477
816732033 848850447
767558476 793262002
411382924 809122439
697217328 783630343
388772036 646545165
175512060 914776560
646412255 797880370
442516259 684276815
270909315 336123626
487555055 603423116
574078483 842546763
688896991 992596106
973696396 976963025
314077763 848861778
295794832 853110234
636170586 986798265
700597736 915021950
847789321 966853910
669718247 857311063
407592227 432104780
50592365 479659301
954175133 995262106
826126955 901293310
394366993 785405658
655275140 827159917
360465245 878117897
350424086 442985066
576511782 989092224
344694028 482476039
591085016 679866548
296959374 821319278
877790227 959996773
462936726 596903064
439597630 857971698
290993573 489237167
136928695 415492202
165449881 975223574
994543329 999670856
949429757 964562404
452535829 497835789
349130139 864064905
812813292 949388022
665076435 804520949
980125160 981225937
858084389 997120018
97364861 179779656
546210944 846019908
551138144 885572999
399900424 772672499
416393228 737696148
100201569 213635748
28698034 677508593
620580799 642548942
51878587 125874467
987401577 994268603
772282620 773811729
224790271 884361162
999084915 999806488
61582686 804629218
16788156 991583969
699621374 871799986
365258781 907427093
114648104 679309773
337842469 946220549
409799073 544856798
884233723 937993391
299259965 704203913
780815747 824896607
95774417 947985517
291436496 575230101
202690419 690602372
879024726 902205148
820043288 920034605
804108150 979086781
89499389 871401388
962238025 981139247
262610893 269550258
788016247 844844025
613393222 670301111
337903383 720354471
90912137 140697790
448520730 741479443
696534385 748124525
212513293 996151813
34116810 860649438
700344966 901282313
606634762 676440591
341589051 400016254
971007004 988161117
161578997 380820390
841897400 963837356
425371844 977058314
819063691 908271086
627957713 665711993
225294903 768576322
464205820 969220416
954059712 992409313
256869846 636232404
220830765 895391106
107993022 737298443
743838180 936914727
980101767 983000521
52501127 264867768
257745860 258211385
410234237 899579651
690257479 984094956
313195676 725814361
785077385 984260502
608867182 812219574
210953076 469428120
320458212 807760812
797907959 852449187
419116568 969458742
101251850 663148989
726083608 905148000
167423620 278466770
98630599 219895417
346012289 789415871
658446234 658814420
818245935 933155083
177511460 469079563
631028950 995970323
117410490 873276698
240180701 309900536
987455129 993424115
719368228 840143911
595746383 703614046
566955771 943984051
925268982 956672849
358063302 693301384
334025421 819013953
391000730 867796995
803192388 813872609
155781268 378973524
396996666 966544131
842677845 867996229
615776322 678961863
310485429 403344938
183451163 895058680
93009785 782093876
896493375 915645516
142124599 195942843
852467608 908320552
215825248 445459384
936972858 957100864
351968057 707018629
37415074 928743652
512156165 543469513
35617286 965823119
946570111 971248165
479555357 734885749
27614859 767073309
208978180 694778915
42420402 350157770
390923964 602338589
111462356 414089997
788622695 969506540
923861230 995439377
546047902 766830245
859501636 915442186
143365824 609640194
724472117 756831650
58283306 114542261
588233245 999483106
523298211 777271695
158188491 577875774
131872889 163982737
293893771 608314645
764505429 996031881
377551241 873506962
878736763 956113292
312145783 929557593
225139734 860146929
962021146 972999587
274961081 918735023
155339711 223330613
217405732 571929851
54689559 210710724
940776404 993093066
708429828 792166104
458559983 852988860
730885802 766217296
427198839 488397747
432798724 849656100
32297400 91070004
808254283 980240323
472218088 943103621
511698127 689590429
197152567 810044953
303511236 333336578
424139507 433773783
642182786 763368280
361674426 669429147
107351887 250945311
969151336 974012157
129789087 786713420
783801641 935495669
191123695 428743626
928656069 957958599
73281593 599938126
382647620 652473705
630845766 644108214
673756632 757781991
908579592 932339057
857960874 949741581
498531527 974666964
348954329 873929285
516255281 687575535
738477340 949063185
560361394 841666730
489779744 510174130
349855062 858696959
42029960 706351520
95520858 846577076
816406156 858806411
851471184 948576773
660684581 987045540
844263138 931315820
534733544 928603772
134128468 388630819
929993619 966022653
497784434 592178682
859984657 964452471
764317769 845097602
705553721 988803752
624940153 822394406
563353401 939616833
823218691 977841483
639491187 698464197
963835892 975003701
256748341 968265443
102452156 631002259
239600159 774597356
336189758 584439717
244459790 503512361
510201462 841538474
631771254 793352197
956980076 992097027
975194066 979960854
359148822 577714006
748900456 892129835
511592536 675908123
86616102 227467213
661597277 685024044
862911438 937862059
962215149 995897235
475905205 760941298
875133727 918264125
764853468 941903271
799303807 862373151
526194323 986690072
134159600 448295157
892788981 950281135
434840576 664515229
334304949 362547943
127065652 428041882
854859400 882963864
734797535 855977668
817166187 899268512
484610522 640778642
351602443 548653061
113261219 542304048
616030371 957951564
712415557 838951353
249966458 947277401
486907640 691832985
990406653 992126183
822176092 979705881
59211153 579961215
284452617 636072997
336866465 350703096
357890497 692901207
665950698 766010637
420535634 659262750
416243328 933121972
700549945 989557996
511126008 930186395
934730227 940586351
191161146 732487491
697779257 778440925
171597372 464243621
496449802 884030548
339562606 685678657
926804400 988095066
913631744 999915566
714599798 749179157
708654406 801934176
829476539 863575758
491398040 751958621
69407761 266806400
48212676 260478784
919080275 941832349
425471099 518808073
635699273 653854202
680210739 703965654
331652098 716677718
595043307 638278262
236845217 504462699
510588473 541840573
422536550 483806950
801236874 984761103
489843808 926497834
493412146 971605601
1134045 488633891
108087364 327479870
587576897 916325760
426149111 582674767
129779830 185168326
920924279 983293936
700368854 943276774
839136797 980509482
44709681 170929842
207056140 852851118
700392323 933454949
35544142 619498702
371319791 898303903
324566825 945417129
524968707 707492577
627969557 713359024
447796242 785408340
266833714 497940588
325552000 988061665
151676226 576233713
705918721 849288773
709282779 826477748
889254224 948791203
655059343 912535780
566348804 952430324
315483161 474681547
569901433 966861260
212160683 271843853
495774831 851202233
265162551 750616011
442504570 888046901
607034554 811292403
721495273 949442091
472187304 645125639
470728328 790296178
933610101 934447322
38731046 693503869
836947979 979889147
747865172 924430101
19302369 531104518
416083711 697232084
529469702 806596351
546715653 640518677
453450197 534570252
531005495 566775450
270422833 554483484
654315958 674060695
839843504 999974594
865662308 934855427
442807439 758250774
98268757 813426567
286056864 610363212
596621101 725497810
553274325 906497717
143228923 869262014
222083850 394794531
392037539 611085487
146014677 244199888
224769910 240926685
699141777 793765661
474969823 503717702
944831504 979364228
718603932 915609676
950716797 955410756
333489185 843442138
847539402 880876504
108071019 551345667
435471132 654041876
338335179 989156909
148072831 206440339
631656644 638871532
176974868 233218431
154201698 692462792
660418239 826269537
805377727 858446152
134032917 480665372
515556052 955599801
345891969 861600695
181801941 970260143
776269928 967785948
309632957 802937021
303670823 477795917
74483434 984822976
120999568 934316157
261067870 363411797
3990823 883347279
280216977 342235559
200816591 501005120
889061974 906055789
2351860 722827572
449001149 799405866
670071747 988430743
508057129 670618575
314159777 882734888
280081798 847463629
644767119 981971084
808557210 817870799
829526764 982900695
764633212 902038968
583715863 911556393
867064592 890386221
739439218 963751559
953990622 985375800
549097029 851349100
801114044 865113399
37535732 873083499
885129181 947012566
202486586 297747871
394359772 478908269
359618192 563658617
850880736 970901040
583972007 682032193
292273670 764346045
947552271 977802533
717937597 918453278
44375801 245009939
449142375 867551905
177890067 223365863
864355837 886835397
877125018 942234617
981641967 984715949
417975142 877448747
713405973 792898353
546812220 724817621
895773106 980685594
441802287 676194428
23369139 875025887
878677013 917925834
568434949 970833659
150349882 479974112
721639958 785798218
602611411 761637548
708701321 925392616
243167423 266220722
825137308 835492012
704681598 828370795
416961242 991056224
876981927 906867210
452695350 573500420
991830536 992594120
40833081 757245500
119385242 638237624
279899657 353097875
530736750 936692813
942358097 992421624
730581900 873691195
469956364 751637481
173735335 389820447
207862335 897910554
527727165 786513067
917576914 991236638
431735407 608884008
613933522 867624967
681784057 785803352
674754251 710781381
836623222 909058003
556552652 744372801
849282600 894057547
613970068 913651752
709658442 762595157
483620985 599671946
665998073 856613623
513663691 695669042
219859866 374279134
691886288 784007071
555291105 645074126
109321064 588667293
662966383 767842590
661563546 845476789
128789558 635882013
972189425 988778031
499236957 926553206
560604574 920763873
969091631 977387238
40219563 121956284
349782585 399105594
484851179 829226532
44416381 440242159
666426613 928885456
810839867 942451205
976603950 986394846
700045193 934513884
793970825 967437209
974625961 998040168
345329128 361037019
404103411 757936813
561305101 694880757
607600465 698964134
403376699 971517869
155862658 272773991
39684201 893492387
782685898 971596530
597758755 610676484
800318058 896654135
532688636 708761767
658438319 751629036
242254262 991887438
748781452 984691341
127909606 414084694
564042226 888298916
101604962 390052229
773895854 924382565
515898930 871577675
479495170 914434146
290405424 977699465
81956804 501721300
955274041 962825133
182909988 826066474
422196013 842001489
636594107 835416385
84421253 313047785
123198038 826618245
725163202 800111745
999176248 999576908
521949015 720551787
919684329 953546988
601897570 845561755
226138243 481176939
753090454 836155523
361650811 517944350
965532434 973357218
724440155 837330061
141119022 520904161
383137631 893102942
499497015 601903656
462422848 554894344
194946468 699747138
357202912 734706292
451781696 548157114
333628821 402546926
51492625 804939432
155868911 843594828
211212106 569549616
443510156 560162042
688032428 955278608
455890141 543389635
81285586 130487923
744415713 910549123
193634984 231469304
58309490 684004832
474903588 685460550
786275624 890102361
68725811 989566021
472635766 847716319
490676513 989209105
725497653 836059673
721996891 927117595
252195972 803739704
834333092 931487527
360838325 808255700
637640208 919437688
461680938 554337696
346922640 600880451
506759065 828817766
706292533 926977167
537681256 664574832
57341251 743757125
683095628 838974269
329424049 633464948
446375890 607124472
518552386 830373556
763975457 896042197
844796474 913167949
961720744 967450659
332447882 717715700
114119753 537281128
689749838 956165281
209027330 676391049
605949113 682001341
867186939 887969514
10616043 901488643
109868718 118822987
567937659 733859733
820858014 836819569
652585972 885048318
22566916 471793075
504313915 576099249
223868343 666989240
195014821 814370505
371428091 802545519
791577862 980147228
808590995 964991356
51105810 60257326
644885968 984834983
698545175 711825622
905271960 918427768
462777642 533072751
808453421 902059428
953530734 990081812
180193307 823050481
848427701 954723123
432159691 614303758
187546756 889371448
155273397 496285029
524376933 550352536
714526547 982241536
435781920 895274992
133463855 548342441
370614214 423111820
118298461 705962717
888137871 994043044
270112962 459007596
857241099 863139514
220235794 788147206
417027830 994413343
267670366 484096149
206662620 348364756
870045113 953374835
503808583 573452058
283771186 949904382
454464400 865669845
916355364 988731032
897520271 901712105
882656 999398844
265968329 890014925
981282342 992984443
662117479 936214816
136504984 974825078
624294381 910173947
137265653 442924069
476318047 561668922
923557339 981042816
41971492 452002390
36212780 220292996
41787009 853041163
468400427 537691537
805427624 944692112
947579411 995484987
225600393 792870147
439552099 936738756
512744210 789920521
525178844 640720297
867315546 915067955
705032502 817727446
104095706 469285760
132739462 729265214
523370742 574282763
5216133 207442354
911008482 925354495
475377200 831350901
683870749 734481378
890543135 952253756
90492275 198563092
835727820 989124185
183483940 484652418
405521754 711390371
398861469 723582594
951298823 976571043
451526379 547529797
753983462 842676622
848370656 867320127
306304907 942223039
310431665 911601323
633775548 973009208
694521746 979299812
688162931 953162170
839487475 947427189
194473749 629634517
738796459 994171244
299047200 717294852
157462356 302608497
437974874 596066879
110600417 271336313
736282187 867084166
90836254 756690981
612412783 856522669
713602348 929800620
659433048 736616130
290502243 554699121
243045728 548013219
238927562 937642051
733581010 951225966
606394381 606492457
247187189 276719861
482708009 902698476
1241 44972747
312295243 757119144
533505474 879735836
96716183 182902288
825686761 956910804
322013508 415018805
609866507 944128106
910173773 951406894
760185090 760903885
73293834 683570534
918211782 984821975
752341961 878716364
220828444 995591491
391646744 591373922
343459285 543186195
214919171 723724008
13845567 502768925
91831837 269360125
79894235 305205359
409759599 584807531
744372373 948728562
245660616 463209541
619926247 855818495
721310096 891347203
568808182 945818694
985733546 995808738
282504828 867991582
386673214 614909062
971231174 978273241
989402177 994678118
435164501 723429230
339184026 623725304
848343303 902585281
80076795 165612247
80240225 85251220
802527344 988355628
250555473 825839842
221584445 993624734
930909245 948416521
986780530 987664022
422908681 980344225
704435552 967208728
292222793 320203346
673305453 714188018
707248369 937572486
325517134 924791065
520578094 582239924
95965588 191074333
119337298 704651147
187091692 642667269
712912800 928967692
697849443 885631120
899047747 944121549
955010207 977796368
620433178 706501354
849377797 894525854
365071557 665560801
580711323 705684517
519295271 784546895
272153394 596464908
254760610 779183535
96559418 441170157
289680636 473889127
885903231 972750976
954051182 968703556
536961770 966315561
179733772 368643551
474308680 514760449
285328209 337107521
205685896 227295322
59742359 967005679
795224083 886880612
633187000 849483041
428419848 552781346
854614716 929910246
532560734 761805324
976903090 998278396
647782669 701557584
559503068 726320656
851765550 876362553
301551906 405686614
368141213 372795980
633204831 933394720
305529876 787641156
432572336 830765748
729175242 869363775
823367511 896207288
845956134 959177535
587128901 806316002
825724020 913963473
290672383 572141864
983471057 998704064
375219765 636504875
911185321 975401355
769245819 791606353
154294881 193851209
749517229 819331853
289880253 759479600
862042825 920631537
679243728 755616824
417623804 799954133
587062166 832739133
393394217 846986275
483458058 925254518
372615469 643915852
954813170 980712529
129145273 694110792
772014173 941698438
254365633 540388322
674800528 876373625
492258987 520943986
618763756 872167308
907294431 955746217
293479822 758398103
841244470 999269863
160222703 636650373
646751042 737769738
641377168 944382323
87839926 233111053
218442799 418698644
546408368 997232155
873776836 988497213
450040979 574446882
47446781 363429894
581433867 995378355
972628035 984420517
974681201 992410046
589754180 589861095
427171408 867764991
164485017 476227051
523928362 574194987
528411561 792674796
280154517 655335087
263815714 457768552
921983984 929274557
638034042 817359191
248760000 810593070
253599613 631951190
855539939 962992714
40641718 947504282
674312662 759442282
26226215 779584008
381748007 749380475
340958642 765215865
236932439 918319439
237112801 752852624
531776870 686269089
628509153 806170241
543065437 699539596
41960283 132579825
861114282 965992079
865357821 974421925
179533653 617923984
553535038 723005959
394079932 881373897
834287848 901906995
346409806 589034509
900150905 993624810
156211428 762840570
580997883 616584701
643183288 806454200
739307164 869529533
913554433 946503472
157992132 907151465
613037621 698963425
13901819 167351391
141908694 542824124
463817783 641618417
286713581 623481940
645964281 678778116
605811249 826479667
370601636 456282198
768810756 984305998
694728476 754063766
876801409 942218879
589165139 845738674
867711434 974211033
235154565 526218331
69332476 115703665
318280791 784351573
17724850 680623016
327035790 532848513
866129181 886742503
588002076 973794092
506861323 567738267
652637992 753927217
312894240 830864367
22652661 342117548
191795116 916265292
344197819 525573485
574827059 592780554
454709447 936935185
835788286 844121295
539429371 947069524
706953523 964426778
410396686 941428319
509415597 701491512
314531182 864749149
528402020 941369209
985708842 989103956
826374936 946563010
988798272 990561965
92302020 790013024
156412718 746394220
515977442 726992132
261000430 491502411
619082110 815834634
147364735 485078388
360324389 731641258
516868017 630386671
550256555 817463289
791030784 881027489
377092542 856400351
541073542 864774352
568727816 986088719
726943630 805146147
681674239 828513615
88489850 866674872
488732509 570725030
490024282 753963150
561627430 819702931
148904824 695028638
349945477 873965844
623042630 894871805
656590726 750020343
283804548 581589095
100851948 592337733
494086107 613067965
61611510 879165175
645403064 727627372
579864348 982399558
66442578 820644691
875362951 996073573
952249895 992892189
635143877 643971196
934525922 959404111
876635390 948968812
734377089 971215273
457875210 861641533
195883068 217413141
126567871 886901572
102220208 490083225
904281179 904563009
750713986 774512979
62323233 304738766
818696464 953887186
155900120 942466383
300024106 407760393
461487627 520247329
214243957 263094778
29744297 247032389
905128225 973236710
806269525 893014968
983640445 996909847
772861079 786822932
29194190 479587827
391534936 950866177
810757054 904876364
661450221 770173483
13921663 848914666
744937640 939850098
474990209 844750460
178899271 330457046
689157582 920890383
998508985 998761374
747068932 751236742
899777992 948121295
323095285 360909974
295003437 577382666
186881743 986978868
364994147 995046008
564423430 967357731
864549495 968246920
417316335 805297902
547649329 896335459
795447146 910474284
977036150 990097086
277664727 707241645
370402942 463555811
202015430 531592211
854084188 860173093
286989025 319297584
815630753 838264330
357622842 946139910
390542449 714839644
144953150 494241771
749266878 934223164
681654003 825208594
771801684 993189355
244269724 647891034
645444007 937877447
95216382 742762152
893490685 988454210
895957425 965355691
944965347 983103400
905129489 926466843
844634327 990436998
763806145 934322575
658918728 927732244
315961595 793931894
336644317 657461003
814056914 993283920
349461800 908709546
381179864 423898727
698723721 804748687
266617048 834018495
733326001 981619221
627949379 758365811
32856845 799618732
531412569 938833070
337076946 569895809
484868326 832300053
521010588 988089745
691770411 695557024
9812234 141779889
686571745 943334947
201724585 988628733
918378189 961585459
409300901 965152751
224286902 777083770
619684659 691788942
395617208 609887894
809317400 904840789
427745174 536133944
761714637 838682915
72018923 907522712
719063017 828710018
952285366 999288874
56747528 148016054
393105956 794542800
917280708 964961815
509577549 668151774
130820839 639257343
156065316 687089526
901748638 999545578
987610273 996021008
279109851 347275633
493259992 802374988
315822308 343779531
724671060 879825741
971143833 992691725
342826698 740979925
315564693 857716124
368310783 511767921
70593912 120748168
337347009 968300005
758027447 941660210
749899891 791305348
457145761 499582330
39869909 327794949
188119024 963374273
423127760 935157027
615109124 826953675
360681033 940129065
752436041 911444961
201413664 485632777
476002277 712109675
487219031 770488126
166113050 877815545
500216499 890588165
791326864 850838645
96707642 345926466
435979163 859675040
225250355 469795580
312285689 662489686
521147854 547773207
501828211 675058014
144989901 601256507
972706250 975404733
509403059 707685087
662423727 929255881
121740506 548540584
990855124 997580864
545897824 882844735
491894277 723104066
108633976 204378322
317825306 635128592
558527338 985733870
117995524 366586105
366998827 479175560
197167570 397650360
196149286 683353794
690838508 975296132
909944622 958872951
306703356 411964901
778181512 980929992
424157529 921871985
244020783 868973726
171463866 231295004
490295795 712494247
123764979 452844898
882690003 977368877
89167958 850649581
790605214 871892774
54697664 371777031
624312626 779014853
817198089 901124091
482509271 509887597
93665347 500237497
159865498 239562510
504110148 797249852
616227283 868978743
876500505 965721448
132608423 655000245
858800448 967338053
724453702 747592363
343980711 900103990
189853161 220008871
224940072 924482163
996500391 999579308
70718248 986918563
474958599 877445696
986145113 990339377
300518113 677324324
34030900 978093088
255242526 587052561
325237334 444016153
435446471 668732911
136017013 464519868
806531515 900046188
133372093 969095789
338285260 811178924
532706498 583380696
133794553 937358037
525708534 616080741
368617838 891000437
428208314 972822552
83236285 165130182
31704277 396827370
594492263 902701723
623475643 642912919
137037898 462054505
968107746 973596627
161305544 987068455
955156020 985502545
783011815 795611943
658464363 713539351
108586188 555976285
319707441 595130739
706488821 986566648
277325350 657183430
989339888 998700710
771115091 994626762
331298351 626258699
258314025 820586140
885390022 922348112
212380235 769076803
359298375 494603788
456505514 639500494
82479035 738626668
305890200 371579267
929585856 994641108
653960992 844598104
508645983 657086098
482136017 898660203
154828499 265011461
397083834 633829285
718209304 999540163
397963540 608553557
46117154 488266658
468259386 895390314
232121703 797640234
650002944 703434016
445139036 733902378
399959625 830801606
148211511 303809134
49644183 893568125
694350438 696552464
441688927 607798787
108709246 401025555
153550347 876996189
162246743 506532734
838939890 884438261
786870114 982508584
647849785 742540358
233541880 336511315
986578205 997704855
961957717 972721705
278309359 370223831
290568398 725817530
367545574 766487863
869520696 886585356
742697122 764100631
527228524 592575074
124346961 274025047
108509623 775411358
27708926 170926904
511997930 773274183
216815217 808744442
304697866 826700314
424076812 935845537
747264429 964768535
276428537 919444995
497108605 700472593
763704042 851776224
168035069 473336440
892510072 949780711
240240903 407927838
849974914 879244514
702400584 975466791
67460181 230179615
951564318 989864735
730687099 732187174
898390710 941856373
618307171 717565255
211713102 871774630
636083078 809214377
890166979 943715884
493215330 719064003
2346223 669721863
971150117 996019686
849789971 859302837
823029659 981960639
234660613 968691723
197690490 689992808
515815204 780435068
61144045 940001658
443583240 701125487
470267440 907931217
202858067 998843408
729426145 838863209
651894304 903863499
377191666 816162452
778701154 983241660
737491873 890134150
390528940 552693796
343430565 928593943
950773173 993753146
830286397 901430795
787482430 879197281
790799896 856862930
907945681 938504362
269552237 390222553
992247782 997881920
382638936 602374063
120894424 176321864
15350853 749045848
148177563 396816542
106282036 780729548
752302335 784585377
991166350 998762715
721097244 754299584
601832570 809772766
607034512 625402380
707041870 981814316
108924565 331152137
851280955 916916665
317063911 846431451
95875390 593460430
757222472 935844244
406804425 776980695
973806799 981490739
527392846 660469806
850356102 966508454
170685494 198922108
844183160 987582533
146165922 197184935
773058629 959385996
259914584 296725290
194819050 393288476
865481671 928090775
706299372 929218670
177138542 992304175
262882716 316034666
708258371 942870814
696524847 816740887
491646498 740280745
18259911 777731706
37998777 589850537
231631170 311246799
63176151 838640619
139770483 158807702
498772688 693533441
591673081 694749741
436963079 452129765
86174033 607004522
644328815 840038545
407395940 744588474
539935289 927152765
851623972 972196653
824953893 896266536
389045878 453750704
569198479 739203188
832743415 882327330
280232871 606868869
854045364 899614167
102728327 112471693
211124208 913951351
415968928 423771459
994414772 999695793
423126195 586149971
389517812 664320395
846898202 935747916
878621830 919728729
553731892 637320448
716848556 757158703
451032647 835333307
256227314 613207173
458395044 704833525
666345911 679555497
736706650 904855893
872963154 959145837
258489451 734402286
57912954 184947549
839778913 986232929
157889863 438453149
909129011 950434547
243972411 703708107
402330635 807425498
429421219 976764567
305012093 655275944
860517897 951470036
145625446 871889519
902067037 960409532
696879654 891379515
50023105 654137346
491356118 637134706
649663155 745658797
322788201 635731427
341999663 818685365
923871090 938679185
402757392 618124222
958261505 998005216
451215198 791810525
576191541 669323492
628192068 630640054
431411928 661222132
893978746 993387819
571996972 870061632
222854651 906036526
712541492 934147258
671242226 980114387
654151666 931219501
740978313 919641554
709688455 924781407
868266194 932194483
64720223 778293622
980553978 992947119
807436660 973531978
504814354 649278751
965804829 979533330
67723377 368364565
948087748 948584589
478755296 592710620
676517090 942326182
471307530 748972122
114826876 187846467
224295542 460267351
856492259 931214358
824336703 953710523
112245887 652575709
270901368 493598626
379092047 415828072
871127698 984577595
550825621 565041371
71413006 853597352
843040664 881671118
399287065 469333498
150654404 421134797
809615123 819602452
612295544 956069355
436955124 815342514
385155604 801438727
661614220 793790988
763877441 956667646
139942215 907615247
388930213 618797396
933708311 983760489
206054781 551641115
606541943 946947006
536893814 681843017
742517123 996035430
124220832 273750250
207659068 661496353
760396939 998268857
724967410 769059750
283797085 949779103
888100407 930477415
704536782 894962680
195665925 217575805
575423887 618081038
313121530 538671771
111535044 198079741
480129219 751886651
283917801 781124317
797472163 953962592
635585585 868771141
80579318 463834308
748608415 917729646
306410621 577942478
578349384 870489911
124009484 443083748
223640200 608865199
654533250 706348006
161648506 719579802
635498005 782610127
530067650 967610032
456016205 861860624
768805743 955877789
557129308 809091853
159807601 297929726
620458817 840436418
953746000 982665960
709008307 824836200
975415211 980404516
109615575 570408446
941868411 987651266
484128447 570866053
213104283 837822841
721371566 872402637
300836812 571211239
318115436 663805816
947601065 955673666
325940964 960233999
923084749 925465345
426792660 841686268
959933434 993106028
596831096 987288934
386188553 910408771
322282605 466284804
157569464 181318257
226104552 637915555
759733394 797840289
740781133 860962445
877082001 936176669
2179378 254297331
565843334 920216535
738630220 826966219
579415943 697348247
38792922 672356605
935060813 935787525
83584156 698252053
190110231 852092731
480068538 546696697
8287614 697541333
681782777 915180324
401361538 699247730
382332071 654257023
932946922 986870944
910468074 965672874
677392947 758873327
102611195 677847255
873174319 905875479
617751139 882690307
952542581 968531895
875317052 882997927
459815434 681603449
538305668 933027776
916919372 984137324
791150965 951164814
714815603 975469702
325705043 366357821
811360369 969826816
250584401 556906366
189700479 337267701
168790467 204794361
322640057 635734905
57746815 400423130
926008239 943453295
971521926 991322793
184959933 275669194
321323610 789735774
541892594 585459293
649034515 875274421
211621787 986861548
778325970 938902444
2766691 92395050
756690978 780085737
898359602 996107227
415646899 790802510
967705734 988545441
491626213 720100655
824801658 852947853
400961501 441955548
532293764 960835477
933273413 947652367
993812652 994215931
884142999 978313867
406202493 759371549
797435941 987760390
564846989 960346959
813884208 850095163
103914658 914308074
403321022 787147812
321810635 630533503
298875746 638935431
366832539 544802948
823170822 949259121
937202700 994149227
112702375 413725098
818225737 897106164
544068146 976665213
854626516 975383878
104643264 422683290
66600472 968893834
915722538 919514336
577351039 704727541
506074939 575229902
196696901 833885130
739375757 976718347
494968546 691133498
938172943 945711005
328835088 557702618
313816847 728002479
195121786 696577533
219071999 844665219
144340996 469155367
525917891 877361253
100323249 291476227
975330487 987524006
395683124 445735862
493255756 631234039
517284885 566557782
780495471 867565992
323781130 428967501
977782979 993092269
536371325 579701050
29334776 795864772
235321939 827005612
699666436 943036506
558179232 738411203
412925269 660967173
59230170 943282939
935564738 960547970
998434781 998668213
514362725 929153880
631617746 909552697
516203475 619015017
48805560 165860377
864886708 902815576
508250449 518052710
420496836 668674294
612715028 809332633
700893912 958279394
544339425 686160207
667941597 982162390
747927487 842479304
452849671 731784934
212551302 349595347
851631436 926531634
569969795 796066858
83545742 235657495
316409536 864599505
629413069 763466981
492876174 698547051
122800876 951212580
924191539 999400105
660795184 752842045
315569174 606610959
993304195 996817377
813844473 880201395
62233692 950521691
405977354 813488248
443263833 744411371
182820978 202099200
783696473 845912387
175006353 867268316
312002866 425465965
298414462 316385044
582207343 720075379
623202428 809511549
269217668 348212685
391265086 605631619
410611086 732788205
510097226 642212045
476216869 580254066
566886478 588023658
478881973 837291733
659784560 997420592
408858307 427580513
36005965 332009922
208488389 454785538
533466229 726311991
472297060 817467114
468185491 717741798
579846850 744723294
971248399 976665308
305598214 940787892
520580641 784588278
602341897 753000762
702278113 734895016
137905142 525795736
878291804 995956746
119888288 985566214
158729303 224535726
753075724 916416262
101771902 158358928
558580870 870090626
912075062 989547921
387972245 712457701
867705610 870132480
115984391 967292244
599120586 802125517
550682580 807334386
290817436 715149934
53337737 836022086
932668258 968530712
713380044 965303284
854712673 943684564
532637618 564925236
502956071 888895147
519877593 768339114
170390921 653210414
653537741 975379308
622040182 765796676
727158880 954201811
906431926 992661571
313372908 415107839
216848580 404565201
494338056 529985839
581152712 969832799
206609337 707666479
978723541 985088448
643473905 655636971
884260416 982670635
488583677 831821295
924407672 995651065
974058280 983395119
372958679 910192518
950011755 953614788
64749735 635432924
462435015 550902700
807851225 823237878
628339478 653931120
360051134 594064999
602121556 935532449
965614813 989993978
280145951 515227481
435899633 776609427
53652105 999706218
927501143 970078340
472011505 683256593
88636206 693215412
359984962 722746856
249726358 529577679
637425139 716885044
214484006 915080881
653940800 788886685
613649754 717315245
442292616 688048835
78029084 550100968
115046984 650599618
316393657 488802382
675070891 706851618
79284081 650050517
481324934 943203375
403746641 523093851
464359119 589616363
482217304 976010487
383058748 649294323
671260210 709796732
706527342 804100605
864874342 960443245
432066963 677235909
705215384 764069655
933916395 985557253
130669585 697438821
870531485 997209659
123633473 686462297
684398986 794374721
958826624 976401042
545488738 696864062
850721999 867651945
695362230 721338331
378476755 834075573
564315194 920750075
445882855 580226644
948487218 983211828
514011216 853449183
752306033 910705881
539850094 884834712
353586101 814209931
101925404 437297936
472863041 509177174
806115258 980559554
833715576 840695334
255982678 690060848
571999873 671666240
607554550 750996418
361277047 851402005
761660337 772140907
38963365 647195404
613742513 945151560
460841622 808929792
880141715 949520838
850105474 958227858
856659978 872176782
442855258 720262362
271503812 973285290
923748668 971174066
230818774 398787830
730406151 809340289
795087830 992295687
187551667 369249788
715981499 751822219
249702023 896679897
175243941 403800698
862144864 905482178
75740555 101706098
317040266 536053480
697903525 972035982
394745228 758232246
385480749 474161313
462936336 957787974
782252599 969290711
5249623 868927991
998424135 999274706
314311226 814801365
254045907 355292531
358046368 898218138
762175338 835786664
88018393 900837544
882810172 945749953
489902711 643691224
313219705 713261388
497274246 846300462
224491456 398669886
95435126 883244679
64469343 207199004
528888672 885189228
955576980 995323530
971018302 993188001
705600943 919911984
804243691 847610740
922343685 959002048
689925527 849362618
190890355 577528728
623942293 751103099
525572201 569447079
162583664 550426235
667529465 898410273
712291511 879473808
729096542 859961005
373269437 710755637
624601339 650682981
437622155 656165568
559746137 686662246
453176869 815044209
652155469 953131965
305908353 340592421
316766733 833989869
728298203 781032108
562118747 640090483
1120015 66661216
751856818 858780760
197328392 982538127
98512982 324568381
281618271 970863875
931749855 969325097
896992381 944290962
624995149 858751346
361820606 460778124
93483502 924660417
704514028 937538326
975595514 992819773
364260659 544353517
483509546 766332040
366686646 731908529
357750426 804214681
607441375 749895147
33642928 102736481
310999941 931682097
27455746 927107690
175871116 592317691
866080854 920153321
33131904 281161037
533149657 549477479
790973846 957705496
418247310 800860611
503966218 853295686
621860189 728578286
952153043 953560318
153322348 424391697
951404469 973789962
818211396 906078524
933533424 981003468
472416436 693149370
928573209 939728414
861767288 992222566
899961304 985892774
239140760 959534096
798680019 981119194
454752215 957531018
920325158 972139962
524529783 902392856
751888203 884003291
450511595 652192144
482853203 566266151
985807583 988379184
695585719 785260886
9511902 763240753
286176663 396098789
444390417 855682990
496662206 857373274
366816265 605424078
286830920 687281137
731046373 954603412
57717432 710984189
183553766 232021540
589643883 592414438
10717772 341205302
748178236 861318274
946880651 992572604
725941020 766924850
401083522 487701164
165280328 886743423
703241320 950388630
375188884 527693405
900151579 906983362
169237560 433918462
658339046 689142268
869084334 908229163
125903709 164644825
753601138 984071413
106160453 488865877
127769361 137864198
104788259 693308396
298214056 541641670
138024544 973635218
957316210 988399950
899203949 975642676
207807016 684130503
282513356 914816926
964104676 975128305
748547907 950843639
913931389 952968319
60168759 585421026
213076363 802619478
146148946 946950682
450052936 753689296
957439332 997689171
134169742 388000440
743051046 786406821
605800156 970677561
227200625 758964060
903925561 994322883
510875181 808563347
893043103 965740638
350039989 838088652
175154411 318800597
915193597 922950292
506356651 872543066
687468097 796526437
521484614 775314134
634993523 868320119
307856894 496381282
563059691 936121116
604917803 735316890
581958168 867489753
999017611 999474111
161717374 839504580
991156218 995163054
480029002 532494857
93483492 144972016
907183247 975239349
684724750 800563368
733604821 910853366
13809163 397912597
358290944 883210857
56710002 696892663
512297208 749375554
10181057 177398556
198731671 494438929
569866314 876015875
458061578 815407383
44002332 229565787
26448104 260089568
65856274 580147263
779422412 979394852
345215749 998438599
873943070 970953424
872378644 916446591
485960241 830613221
489950154 653149387
23241284 257036444
558052386 848340562
772138869 970129797
597101494 878325263
738193832 909076368
263774219 505358353
417244067 785459591
19658412 384134794
877481110 924631952
599316090 953569019
328389389 486613052
606604634 830453422
504789999 759953031
165858711 640106870
216957348 408093391
796317499 941623257
27279630 452114074
968997504 991341357
120972930 224305793
728542474 915824701
390396917 771096931
8603806 354300308
374867995 723964723
943616217 998966380
562407682 661592739
332145910 767470090
249970252 732517044
998140547 998421117
430473990 481025987
59524185 640952938
630140611 734536411
496114865 976103828
498049302 666858417
662305707 967997257
132310301 738321829
967534020 970533024
791782382 878683372
424699943 923778563
661600986 823595670
572056125 766731662
675344239 877567099
935141107 971473458
975322431 999167502
655366872 960701827
829066281 829633714
356307368 805478359
772969407 809517340
470256178 819999002
674765293 799562332
400470552 458901993
308489361 583353912
260169706 834545486
896858212 924911437
728733498 923395443
284759265 365893273
831234789 892393932
223440720 687662682
125304683 967449710
298243846 983685280
863697792 980091758
865843383 997542717
900074656 996496717
204425940 206596833
299234674 370845742
449384043 931252382
666821213 962721883
667547746 713914932
312039687 643472844
539497413 718008603
473718065 904251797
893022300 904958375
938691814 942819764
10675303 102543160
898452150 989745549
618463092 829726729
987420824 992947526
454523709 826962503
374128518 624444112
670885576 743412970
858544960 945291829
973902186 992566242
974535584 988385926
139492182 873270406
135065729 879653767
861309930 947824908
304406348 856987785
560978158 631407897
770763585 828425762
644237156 826228226
699683894 958862286
592522815 811163400
55705612 75057342
614306329 931166995
453322517 637383064
181786138 479479058
699421614 782904673
337267019 976555325
310547118 827808448
281616264 964015606
479518822 981995691
576196955 739112365
742921318 976499867
364778377 698681785
90957849 166301002
673268765 724100319
655641680 953992528
497066354 738021507
963190494 995759490
709270929 972759548
564024496 885878116
367064647 686349178
620736011 686925623
174989376 856924847
932109544 942674914
367860599 783930456
855937260 879298702
382231273 554839254
419304724 680629587
52059447 65226060
429371071 779711793
395167826 982696237
267702852 543030903
539975050 902051325
460740327 485290452
581203788 804167576
245804677 622346782
313154638 635627883
522043446 714751096
775864357 892830649
625791990 935946182
810029899 837168156
58122098 981440533
865731498 974061053
982624713 998350302
403947264 761939360
382757862 535601641
685046191 743842946
537226543 867411053
323118488 784066704
592728675 960348723
943438891 993541879
450782198 829072179
478399440 832477873
817667896 850512674
710526942 773917802
637108597 985827893
553895762 631542651
755433971 787313114
802395501 995953263
808791054 897528089
643730551 741902962
928796860 950190120
224275016 463384377
488397585 914930704
740026380 952071788
677720774 790195267
106594650 156074821
325901226 592530155
232047257 934506620
730030414 733721324
301477359 882589843
590091260 906359342
766756198 770572787
9462065 693298761
807969331 866672707
813538108 991956056
72732959 560753013
401745737 509796307
837630685 858989538
332147784 884167484
668593182 933634910
624109037 743095666
531484837 663657722
911039026 932959846
206944135 690124188
925209368 987596013
537187311 634671723
113732280 407105071
353922097 798661250
330364240 562629232
230266529 558160931
707390518 927444003
520524506 673703449
980895504 990246410
816045539 823871102
527144752 800713454
905126726 973311504
278431730 423547679
652847827 792659601
650640373 701323389
463652873 724476980
854073392 899332688
45393731 318754420
917910015 986857983
347899641 462755939
312997126 491640650
788045578 963940543
276297600 581178976
684619673 695941220
720307920 807967705
381529948 547222521
202440201 840975632
770887589 810720815
251502612 901280799
608619717 906262665
280736225 588977447
229574523 468333203
336504676 589672404
405118747 853568401
543941243 638826419
593784353 911201436
235182741 721337816
447401143 755907631
914325482 994365236
750040489 842968046
775223380 793150015
462922300 740439404
933831338 953720370
465397350 599778126
904786290 986698518
780864757 878841737
390812571 982405893
765890666 846971557
978627494 979117233
938649854 964246500
413913500 605658069
540437239 903231964
163015437 685839688
804948073 920124826
618293971 737414663
146302491 384747181
914866989 969979465
305209985 525018655
179279813 367581091
132294798 339355994
645344141 877771795
778336806 869677210
97983563 474521910
449378479 723601957
840536953 964927753
515833616 927361218
436681846 557434798
405118485 781815106
696522045 982508591
201175104 226230016
720195949 986178127
142040629 661650052
117821254 123504880
929639557 930109784
768264658 776970973
162278052 264078230
806248663 977942529
759453620 910522102
481792264 815095585
928241787 965074194
113897533 124062426
910397560 956372864
529349082 954060504
822316040 903026533
687223627 871679536
565983179 628517356
588874929 656561026
588128006 756229102
470012826 575768278
503409982 647903398
448872415 786079906
481662503 793327407
649369090 758895420
438409742 468260860
425921047 499193654
165478417 754240154
964576380 986207536
621887701 916973317
657574138 663103712
740601085 940713800
924840604 943679241
863574027 903489160
354842514 861623189
717512681 833192913
447188715 657079893
931822364 996734932
974613420 991009396
890035598 927965703
714125772 937491845
882404840 988132160
829265041 875033012
948252086 992976056
823462075 932305173
92925427 264208135
722526785 865022391
40750561 192085237
364432303 515742581
916600072 977781668
966624370 969343611
974443668 994627679
746752245 989582615
401350062 731059193
947689173 956396394
604273958 734276843
850594645 893732777
372908935 670295174
452729807 689596142
349485393 352074884
42435374 944694798
27218225 790209098
95199965 645839337
737790177 835869782
427858248 978275850
973287136 992505214
884792930 924928753
775256617 955562286
572520645 954304663
238900477 938039715
105839128 856578891
580183117 976066242
519114964 810976188
213293857 370556008
446616548 822103967
344903618 423687007
647220799 869350490
906214701 937584232
377363330 481359028
371104084 683285911
794033388 929788662
46633347 216643323
966081932 976628432
135704531 622792053
616323847 863770676
534763385 948760699
875163806 946902987
807703447 946973642
630784436 705178136
530356690 600737124
547977874 585960361
877598247 961565940
68415389 91775336
946213155 971113075
697969691 983929434
461325837 708230911
676689362 757671939
361710391 412447554
505150847 935123970
962244711 967136899
736444726 859592434
464718251 949145726
464876639 891602661
576259559 808366660
155139322 826271958
919543825 922209620
678783001 763672815
453849580 949562956
734121316 847207110
398281454 893850616
194859472 956854557
464494908 490476785
781295485 827265229
571602896 609314773
668284813 924353925
712488087 956755762
825339204 993782574
609199871 863320488
848173920 850485981
121319492 356730091
169817297 960977460
908381886 946176175
518720008 974760837
434654259 598979771
369331847 823191535
682708902 969656857
218168322 243887106
327137378 832399664
156511155 766235626
232943187 945905529
24157111 623337112
301971753 793319853
779584868 924722935
435580825 440511856
687048743 796631587
544641027 852694385
659646721 791002575
16409094 619841310
246436182 870773434
909446290 931260628
428113541 674409303
818725635 863484475
795296618 869533398
907102796 920221257
918183262 983353877
114492928 935494807
464528889 802021028
66624787 808121932
5499384 99422757
57858445 273318938
766460308 817921135
480887082 833950151
278442787 669318107
329222619 504031515
729494730 959037878
555749507 905102231
997008666 998630588
289626018 585872867
734208271 990002268
745655224 794864544
849838225 984710472
916219811 920462843
10866447 654614337
837708773 965815579
933695696 995442412
613477215 637154078
975760734 999657173
275031023 423741531
776667363 935417431
163703735 965041136
345517111 530831145
973148105 982017009
293533300 600298499
521600288 996008179
744345459 806965943
737035307 920072834
189192214 894761125
368427664 771282486
733689980 925029890
915388773 941678907
230208421 696581354
737064706 749103904
178028391 339333899
284422555 640195859
962382206 999069504
292362199 670916665
474540152 569200477
953378847 969977244
325137839 939704875
560153019 567814055
8612836 902925774
911280183 951229644
908843910 909807742
865627635 896490206
117699584 409333054
282447538 636127013
479933529 898990618
725338449 750796674
49188667 846026130
184521269 198061470
889253228 928993486
284852691 753982243
482326762 752464287
521427134 595450155
900680098 961944684
460571900 913711394
509797912 553361615
423098439 951876257
672271354 892611823
269928327 872109765
130026914 675883414
914798421 988136724
210274592 273456323
793527540 878217530
134953329 515924065
171303724 690997326
340004082 794804846
481133490 942508219
239660916 728657075
600475245 722275261
351424946 601031832
949660494 974689392
417148296 430191198
388017834 651084734
809208793 931037704
63591289 255577952
530171638 794710059
850889103 901068399
424932326 709068774
213198419 550720501
582703911 832091107
169671753 701757102
824110476 966509329
179238682 734291510
392742983 767659436
712494175 983344284
686455233 817738413
565797049 782771175
539493684 643023613
827630568 917004233
6820051 920326543
880532097 945934462
463747106 743381740
500381405 649375475
700692307 701401809
282616125 709021535
711504188 908057332
278236681 560687373
337551978 859792481
323790905 916981098
480307537 688671223
904126407 909610561
552582038 767410914
343810143 977016625
848750743 929012342
44157476 300034415
663951590 686432204
740560513 810788211
768483078 906478762
533872578 734130879
