5000
19374881 845663751
218742022 693936144
585576764 957358940
927728655 960111413
372294846 790346925
354119170 605702431
439184467 980987912
838790652 840302339
900808900 917908496
353087720 511467947
2515025 627515082
257220414 496725365
965374612 997717135
714253360 971217438
639694511 898970475
360726539 777936421
740427182 892530665
975360661 991468872
255063438 889899241
966306637 996417692
212102523 938715962
786362891 846261869
488446225 808261860
823261583 894343944
745233116 945966674
670077004 899803451
193534951 391015242
307939649 331813982
138043089 488803288
462830541 944645412
173538923 703842648
811651380 866507099
722660409 770356922
535824535 879105292
350109578 811387364
243971599 511328363
680882622 709643878
228525347 813386701
966646437 973636206
244481294 926135739
298181543 932391758
25104844 619559002
377575968 417617100
181676472 541779745
244927897 379080786
646039855 980053635
150195241 876883985
344124079 914783775
131610285 410903067
459694180 722657710
708133547 915480662
268002912 891617484
415582185 824116957
952599486 999411307
739889386 953372627
122768666 872020652
793723244 851919761
289609911 603160984
72105992 292998964
645315000 659573919
653102660 918426761
944908621 995790948
234221115 464726994
954176211 957247204
122114323 813829858
432601607 772108294
686080223 847494357
721986052 902148070
439026160 659085242
876709962 903313072
155957341 790760216
265672841 327928619
907685826 930959573
21666604 974375969
944908268 989435306
212115783 812405515
851971836 891135962
764328502 822029483
267423183 901776132
889712958 926709774
488524570 792556851
792970544 949843824
478755497 968155150
912052665 961395469
648163744 944830541
235803570 999946691
989058232 990682402
832102389 866968416
44210226 868925462
720759856 911563931
743684811 948680124
983128743 987597808
336174152 372619317
634255302 907384980
59250132 447683337
430491562 673091144
875585414 888902497
894203843 961028010
791287431 994873807
490542085 535986771
537384935 602933257
787386827 964879245
196747772 226744363
51297350 851139613
597228146 830115475
978029214 985272063
519209721 883950563
199239087 341604400
399057536 570932307
769818539 771975815
186204052 760361118
395214086 804328958
246389969 729671739
323268492 394026900
293908683 945313913
718639097 901827405
244009745 678767168
494107465 681799590
37886302 871775291
356481646 656278016
599765915 916380834
443812195 798837493
219173972 943413990
393791760 523571512
642759509 882016854
636380019 992641228
310457171 922458107
23909677 570430067
162338626 392945603
725371878 951920556
452357993 734778088
521105625 844251745
435340670 551613367
35387978 68085620
474528217 981737756
919543845 985412331
321406231 560239206
194606897 688099003
885426728 912360687
983606552 989271927
551511232 631090431
31917828 843842802
393239495 894904582
58099674 525300055
12402677 275155424
987575197 993538980
318484955 776400355
113837430 170466741
342264192 655974408
260610292 651046518
428070165 799077530
277988935 474118671
671155362 896301242
629640981 857550283
872743102 890470926
955123074 964765328
72079411 462449491
545413120 615618740
910001200 951688460
703937242 731428156
163547387 922789192
944655571 958030838
778753391 871258650
109900251 855510294
67746275 704224277
176665367 846669336
356352125 473526834
572708277 865353758
334834763 689335571
12776681 59823970
392782905 405732054
447548094 460784816
257533827 779424186
113812361 884292001
286683429 687133776
693695157 874010531
508034057 672782750
413598611 635735894
876850695 944028520
174347100 561073211
2513196 260131280
357815895 824281156
5140126 636494058
49571714 410171124
447991872 975585810
216574659 360968101
235868062 600235144
606833501 690954817
997214214 999478076
9905640 644325824
451256711 822024736
542342704 895511653
902060632 953661163
275072796 308002174
602695471 932798594
119887598 652374165
384579453 898029010
352547074 539519854
99925124 595903318
154817002 323655320
537677744 874597412
28561707 192692786
783478816 897968832
727106396 803052723
384144111 776027029
659189280 812546855
943697283 974276714
224062866 392812465
166731413 884845249
871885504 897008935
135955351 419719663
218571200 832023774
848924582 984189773
418992385 575257890
134031297 700616615
476313291 642752038
42449732 224836707
26635051 253313571
258552829 333200664
283104952 930206377
872543310 947206794
16779288 567223413
815524984 887017916
815259180 976126775
222687495 830050347
401797038 620400207
254303016 662974602
247603625 810468633
888907711 926839106
376793 752629307
316685640 585777981
805519002 877370836
21200101 916767528
795064853 825319487
687394308 907588731
525564650 797152862
382134450 635122791
855572123 871475846
318487979 363200121
188706291 939488726
47426059 159458384
241666035 615621337
972397199 991786588
97819266 420815353
6676427 557819305
614800888 766428930
509571407 838698473
585218403 643765690
826046806 846845105
39118544 469968210
192631223 228588028
442896327 926434113
316028658 526774075
657351840 878006123
150476706 214111928
560520790 766625141
383261667 537809400
7079299 585929784
275077622 634727862
652821831 875655788
752779306 774359523
809757831 909017980
436658099 943473435
914899127 997096594
213540073 345756398
174789648 341877257
993033395 998561790
562844760 863254348
297966426 385507118
479792302 686558096
919733582 982733421
579945023 629412081
252244966 883228629
776686434 978122383
329713005 370559251
899210690 960394476
794747655 871636578
298436914 868342529
443907239 968752528
545830783 793602564
737670467 859553061
608897286 974066068
496961575 632845558
304873434 868781540
364892700 778610093
112005091 207719267
844551745 979521492
657739836 827413586
704640047 905026871
785102956 817111574
119584341 944579366
687890408 802970311
697462540 784261058
621401896 872914104
608217655 855811368
287223263 316390736
953872029 972571301
710680152 771871997
621376186 631820490
80872227 544079724
25506637 412151562
548541288 977864100
641552420 909361406
810786542 982096076
559265004 679034417
119265370 597436835
76673324 896593288
53704195 809922867
502964999 680325661
261644755 273608243
172655717 913684317
945870585 979494140
384345973 685800320
194631832 303357470
872427162 877196594
574708460 928095762
756360776 857395950
993615446 994097499
547487025 678836159
703729406 810085197
190775824 618329405
510330891 812887302
352884112 547303946
52142725 348545363
66820896 854292691
38820727 993153751
14169372 573128479
731778394 810531780
994881129 996462074
613059300 801144331
132584963 687472991
775395420 805384931
196358088 272574733
267747949 924176105
496831459 581288399
614450842 965359513
809853132 845958852
233220950 985752674
907673086 924991115
869446097 973484069
701432641 712510931
841163572 874126800
741064843 890445906
265735612 473630716
730434697 787418972
874541811 919649573
363793389 400049455
9050794 177022492
544490340 682876626
666099127 948334080
705106956 724938311
610284081 964333290
737720829 789456891
609011341 775563768
241565449 941443454
978564159 985743541
900068958 947257112
582485683 703275628
703778931 784476972
499183857 899545876
850183857 851175841
762695598 900471332
652540072 978328710
224157726 381830056
957467368 958113986
22991205 366466390
840807806 941441730
215730494 358336929
712728944 816640530
992925062 996766231
202849144 616370433
785417579 803780899
753041449 771676818
172235409 276455809
415535820 469964557
897783815 996839644
602602845 617089101
840190202 869171269
939436183 976185548
697034174 857431544
855075057 934229300
996035486 998419264
110741717 163434717
251467930 294932636
782195342 994534672
578788168 877912159
375737865 680660039
103304236 426477536
526277219 800612794
609739607 668702637
716048393 765428715
560005028 658370561
564312458 886659833
908822793 962006712
979995047 990042484
578640436 926338106
68370624 561316368
253846774 762478734
517710434 892743665
936870209 998792509
560655264 966553053
815284174 887784161
653140456 858987274
241863954 619450576
53559365 53687101
595337719 612089974
236059280 947582662
776768991 831347373
689482348 735312028
309317638 892870657
488738128 635865521
994805135 995466642
163780979 987661639
754921566 941141477
767400466 975302906
164542981 700755137
786908054 931088338
621367327 822006516
310275615 710429075
870793766 983928556
439875739 805083548
361127862 829814734
38049018 804936410
321952374 380248415
401365940 942829673
223312190 873910854
294924823 885504569
147883063 159042746
902235813 948841834
19351220 761296569
667919309 885819058
723707676 771736735
897849065 955304634
790416233 955119337
480563396 715927178
204093544 649869061
575294835 630756497
171293298 808052308
208861397 526379609
768329288 971256189
720765663 935399178
498614517 924846994
348750170 551091030
621225347 749087031
578160762 852719187
787535427 812656075
978527143 981518436
570209707 572895824
81365142 390835918
597399613 601936463
808757255 893585801
787964985 855960991
324188979 797736584
60141014 152290943
187430514 796403124
216030982 286304787
644114656 813104188
733360788 881007984
958183540 987515818
218068352 275403424
13982529 203434770
541910169 639703317
497484571 655695569
67901472 205769950
610318678 963471914
116539097 126421501
775585129 810629041
843855071 938224371
881057735 915755557
490994931 906445136
611951260 820320039
909914466 949496958
442067052 841950459
313292440 949911025
745060733 761006943
787901185 977280960
230259383 705842731
274354458 428058741
365795333 980642783
233675294 507543256
682913565 799552855
914370660 920986207
13021733 780424796
158226158 348940519
726466145 825448511
193894172 986197354
332785073 652230653
763614918 882381106
450738474 653395444
631716400 724833890
9559313 865190793
876975502 894950825
680997414 861972166
676596259 835572498
695163775 715241820
497025866 695817802
399841724 782458249
329206351 458098908
54846872 643180578
829673282 977909207
11333561 734563609
526661534 620062329
367926524 625039057
639287982 968602718
381551529 921446859
380138577 883582320
688103824 998093234
41702277 776623219
253082420 615043599
354383888 735874941
366107279 585709445
800930271 812788648
854574207 971826178
354909846 659840569
792640477 921508318
442544814 946751062
785601015 946983579
325578224 638225594
561715132 753468650
290539465 456796045
499362203 816437694
379598091 874877898
937369039 960142982
799748991 853387502
352204159 838442072
303322860 436782576
920769631 925744907
341509086 705644621
843034218 971590166
68614242 393696263
985248625 993075098
732540461 873104978
364626711 747353925
86931660 353925587
80547593 719187423
780917910 928059004
336856632 959456670
91349013 171212580
188637182 375856179
552707414 971352102
539934254 905672104
597802325 658161592
709113333 820881181
397527435 446099681
462018385 702900032
702470589 722402143
127034744 413111446
319514020 423045712
494643790 531385638
127441350 808312332
465498423 893723787
651152971 958092786
23721674 656524776
382248402 461051942
747769647 931914981
101013869 360798035
47697608 741674218
567429278 627521007
165315604 396130394
560309641 820468266
589241455 636859744
579981634 898356657
475279082 682826852
863923479 978283800
408168356 983456771
717687802 777722519
49452786 212752093
11931219 510400603
326231754 933047828
602855928 830013758
676154670 966964723
390704219 736359962
740836011 893983440
551154174 577182786
563499275 657506029
184887660 536617509
96250830 214133922
38182848 801243105
391073635 564890336
29814011 779935126
574608094 826388509
199518665 962715088
271968379 447506428
32733163 296257654
388598157 440362451
167288892 221524917
307297193 589188117
391599504 499455871
577756779 680311041
489405527 772818402
418853571 692256637
489566819 847780086
648884543 883206260
97247096 275264837
606385145 634910287
380910324 536526832
937772671 990321473
236526751 916332982
547852310 564124966
999769267 999812461
433640409 890814388
273417431 291224813
657620062 700226831
549631104 986400623
478416249 600993565
485816644 568625917
83411441 604999165
276928361 465893340
701683127 853370908
110681049 184315150
157691682 883473354
145805344 961899692
57053822 336547763
981068510 990039198
820158402 989825123
682727514 883419117
397978188 789578167
179296567 721239356
671943711 683570537
692246595 793099705
940303133 997526340
717314902 793016967
307814040 822069069
606512336 712702651
334976674 522819170
736292791 899207046
959145425 966010602
213275287 990849256
9158934 528096584
244269602 494412668
33902843 997588899
796066748 975002817
475370592 877530328
600673540 797907707
101943400 774050757
304712578 742492035
948782715 987308056
299418982 687223483
871780366 897566174
1576075 946340452
652982387 856054205
812872309 821686625
996370515 996788606
32891798 296691987
156715847 767248126
599741057 626451185
218807714 317864682
54821750 125362127
769895506 833165421
175258640 599864866
678675248 914892116
255145060 908651822
870391994 915135888
271626966 608408554
78550820 93660991
830041208 970879026
934879888 974567606
598504702 602929171
241491783 822818675
779053529 780277989
119590939 586638666
379412568 869245255
205939695 715785464
307265097 582559199
46986846 941813375
469375311 968312607
727852822 879195416
68994545 110127396
360380743 563500250
174166498 874780065
619825671 646012920
694784510 773460646
918334374 951385669
862180389 862232773
367335359 917808485
524759761 884620043
939628828 948609243
28304057 850574902
481416303 724784752
714261186 816781955
783233495 853965140
304851712 696446471
969353432 980622802
761750441 871980557
322659814 486952634
126584494 392179092
158387999 842369450
868332331 877506319
520320317 785738881
640735507 641891712
684278021 906324666
799472966 893694942
60566444 881683152
201639697 935083433
381247470 579864181
525732028 810742044
809852565 816347464
932144057 950864147
598891199 660069957
203662059 229319603
89435579 666665458
750023386 899651621
431697897 528325474
398221316 640936808
789934346 962670410
70062552 909982393
49251521 447957727
281001763 397184932
341719597 474515612
328757738 522636986
968736905 970421312
287090761 443556241
866809149 877635112
36321564 819527604
479983457 860240779
797997601 849303270
370363367 581643368
577128240 959231129
528350440 594888144
516873264 809121122
669159894 998358844
739620103 966580264
433893589 575450112
824088839 992557714
992700422 999445762
886509130 944654484
728659865 940860198
529419669 775817658
808898493 950329038
985993678 996190222
45344733 594877668
171098 643338374
365603512 637857787
927750489 986416089
138561764 859322412
441463281 442198224
425578764 821764329
934441053 963772436
419084143 527401007
322191956 604729291
305362333 551469517
626724113 992854277
759769177 859304783
415360010 497558635
615745405 861114050
381485845 939649050
205697294 237255866
138245628 195316820
518655577 718328206
183307110 494968268
942005191 957094665
828399423 868606895
131104186 463958178
274676621 426345341
10051045 118795717
582921571 921753967
183357885 495736294
825336238 867096192
88723092 860894979
901635692 938549225
777286782 939907135
178632087 304310319
127878288 585202850
134283195 175849730
586036494 621162699
855272152 974952167
805999320 973980346
971409655 973594205
642477166 987254805
344934124 411978642
679657458 839004938
924388354 987450763
918864835 935156097
674774752 869999171
698120158 971782022
315768553 998599616
612452398 882231782
731702952 895934299
516526927 920853994
740098103 742424496
69847668 359136900
633164000 665509629
65980831 569600924
643720418 687423676
663365069 714177202
633770585 970328510
206295660 757342887
761222194 959500841
486354216 645778949
612364103 914109944
811991778 987274049
594239350 960268034
548497977 640797213
35947587 174269256
83595162 97332937
195473910 405952787
858831973 908983830
145665638 370571657
931134120 947222204
668764677 677606775
336935387 466003997
173667773 258787584
605915340 607982594
479312847 696875717
792622454 809503903
644705906 858495375
619375232 648978375
254807681 691982822
200899140 409430003
314723011 920023412
401446243 451429568
99157693 215472480
575151153 986023950
2124562 825345394
151714568 894892195
285183652 885347920
834044930 927672950
677319923 712984649
612921628 701585696
795547490 985999614
77593623 614321923
481796088 538324978
284743328 313025270
582629854 838969114
90068101 656260590
685194698 807735817
845810103 957109615
400216870 625876814
701174952 836262692
19432731 237547960
835141060 925591930
6276671 459102706
798994778 900287916
762200621 984018371
226899581 379586257
194541981 816328671
922789415 925200767
557250124 590376739
573381224 885475831
109334765 197137691
284832969 401533226
112004068 833993393
824602280 949396657
130585508 924730174
227792572 329218197
962165132 964035927
921182052 972742054
745883705 841151013
717371645 937771489
251571019 623827283
359011975 523881867
551352794 613715177
213552544 591409492
360595321 695303553
362064372 768531615
794029636 806242635
128340875 227210847
718984636 874276083
56658591 370048192
880090877 973145356
721115877 992748154
145209145 649554392
642348976 844871687
360442332 719689767
346658957 938210716
972890186 999187441
127368858 186461933
66711840 426870862
185790041 360712639
998805839 999034825
374441048 377777348
828515993 839747809
780974148 909514833
91049948 480264887
212763829 824518050
142058732 761837962
414752173 945707204
798939142 934319078
897604992 965035108
746228225 862402212
203326072 576823817
751450638 759482407
944831163 946990211
232831405 699231863
505180949 897120860
495188295 816999398
371421916 382484512
543020099 808648293
271331210 585714938
181625121 273266670
6885274 489966959
691716770 806293119
535689227 736782913
630851463 740423014
968323315 983869300
279144875 746374817
259045774 274642990
82497140 323911200
214206956 755827377
846455990 966593245
324807870 561649092
832845032 850915298
244507460 959776355
980974556 982128788
943331825 973811258
712141183 747508067
864104334 869572383
300840110 677464477
630689296 817037846
597567385 821858040
321164535 798277270
425665758 831090379
727493631 861911266
203403806 251663515
476041702 942857860
596206866 906799326
250054686 351694409
293512334 316366922
129540772 773915905
687794291 997409325
576561774 648698778
598042196 964657065
832747814 877318401
818702217 958202191
866225079 892244709
105165217 560743058
995608256 998895453
143905919 857638091
178941210 401829421
12309736 387613455
858029383 942238349
13726379 580167732
771802289 799946978
836549258 844040078
265071846 716341814
370666929 682233801
904541834 983097765
510949137 921764543
455307437 580721730
28456737 685492088
754382503 845418883
26407811 505320996
122466484 627816119
236129735 731119683
654824795 964793577
810897615 846774238
386567588 535800058
45784324 275263531
408427417 438421684
160510630 199635333
795454508 809386844
816251199 970627695
454210558 530281778
68921252 126149890
21818794 635827312
242783367 381728793
932331639 980564527
71644260 627771103
319869604 391410169
149852162 992028030
49439662 112530486
691431114 913845632
611270224 691357044
79382599 725046274
221615342 362509771
888503570 955568198
666845183 909304932
493074476 598089527
94554286 902459486
752078612 994403777
781826746 797050290
858060803 985154216
3409531 412596003
161197305 858614667
542418172 728959596
879019531 929613954
922170820 927810688
388604499 776032498
490080083 870081947
455778038 902922104
137773165 236699050
773219521 784561963
466330254 805545773
983366819 990067609
165846978 954624562
714421551 932598832
618947609 800198327
276555368 696198609
31555328 819990067
491698360 807934877
551180538 706848323
885475285 974770557
416836580 628857577
899612573 940332003
886184552 962629476
260683933 406886880
299833046 908792837
788282619 924639340
421410971 599248613
701966438 848480061
115135317 580349468
296768002 615540362
295643699 333744499
968503491 972568753
503853140 792218891
257456964 851823118
456139579 834393463
901785793 966742268
233130194 441818613
709630044 807089279
420656136 738554118
119759629 700395714
339523760 693964579
146964586 469261407
187033577 769883068
687754081 840912532
391878523 831197428
769291219 855153184
657828631 944242238
314462472 453582022
576267685 774886591
673263278 850807357
935956838 965887430
143000684 836838578
498108974 711290766
835620524 950036226
485152919 593680249
754808554 986902096
250430885 629837765
406144867 423065120
661969862 751530343
77762696 954423511
814810624 877802433
738456952 977136574
719199504 816876879
2906539 992022609
434822227 480454718
628984907 695436024
568666127 700981117
169194236 312803714
749665242 925648065
98391435 140852605
642743041 873563025
166611249 224090132
955766041 986559421
962612279 981169380
57034736 541954544
30875925 600392547
79447670 144879715
780295104 875615083
534239139 825718583
390431032 463602717
872715448 890310362
58924906 965609203
757262539 827250392
495297154 648766010
42658004 221666438
291645944 990061011
213577036 377221637
346925739 372377875
455820102 978631614
874108023 948235285
614318838 833434823
250448116 478505851
451793754 974766726
698739192 841893519
932585955 935173819
434674244 459604169
771999092 900792465
612750062 819721252
165800004 649178367
281531332 456890132
339442263 858488155
407257335 777628343
732606382 743934513
83811437 253827931
600737919 948389924
926434944 971567287
970412072 990531488
589444410 799907904
345157175 838773302
234854041 505512721
894063241 923842292
297037927 882576299
596449314 921061248
619340561 821145945
247184524 589314189
850813981 923344899
852570089 855496832
235065416 492947420
772549748 898297052
320240522 829950094
230689092 393805483
221373939 725536386
154804823 462630291
120834410 705409491
355948067 757741094
717362285 735416910
701987013 960645785
751123151 758771001
315923974 724728893
509908258 995871693
741453417 749041892
121631289 158627997
749050245 938249381
743557201 955587189
102849372 815134054
151547146 183260150
725124469 920245142
217715435 267975254
186643513 542949504
635837402 932550872
66207911 263966308
44552686 771640275
413067760 976634129
760150073 898244475
807437657 899113011
929640185 960487897
359313618 666942884
574909345 917201669
249002330 600152474
979024092 992548483
324791201 348900638
474471682 842098959
680509118 914768044
971038116 985328998
363246374 958313297
119047750 617261746
796902810 865531260
121034285 609702968
669413463 707785856
346096146 933090905
177262918 793535926
343617077 835659496
129811705 218193204
63690423 331261015
282884016 487199048
675079062 986519485
706738569 787295269
733380417 962559389
727708356 826917059
309659246 954986780
62645869 476415034
996191691 999796618
976467542 996992518
716891397 980987371
545484570 717368598
651584792 942525565
796462882 987772786
132663468 220694290
365600485 533259452
97843857 206766735
834403889 889392898
443369063 823665080
460672157 977125520
465147227 589976607
756299045 794400154
151594766 363789819
8469683 65036616
814306014 878226087
937270688 939354751
492342223 873305323
498724015 926390858
796018534 918222260
705293725 854831600
73334621 333982144
33495737 737071259
513710473 734111666
430432747 538721252
148374073 156026700
985289035 988089814
257148169 881839728
453639630 633376038
462206062 679599309
592131336 647927142
519187055 794519116
343465180 788483810
213346087 979454092
119415935 957970347
729710169 883838522
228386814 750123474
996473126 999089517
268005123 873783005
692447134 872269516
949774348 970459463
59078046 844754347
513215181 772011418
716853839 982842699
8267077 372597836
80515507 119106755
72921011 902734991
304636635 815334931
765856594 879866727
917685720 973113395
615491177 732891931
441888742 732133290
292292611 923289850
408122573 765668658
667438668 832323245
242179226 429513725
535087764 628117848
514958949 612052276
851267956 972149265
380474440 619636117
208754034 526499159
707159143 920378301
608679781 650194164
150936281 641628262
405843240 678790935
210258706 341164274
798416245 825627433
82113416 597990603
614592290 627109933
558172378 991649040
356756414 640008214
338796631 627358586
302707247 764565778
381233002 703587080
60240811 787437739
704186303 879730346
881031857 999775220
972473637 987228662
111111005 627131891
191855791 751651963
390714708 678225082
278722155 804689323
452725258 808664934
524519864 563855410
565390248 899543271
653807483 866764670
540482817 671418070
73158985 681160709
528814076 867278299
162185316 635826088
234146207 407312841
992336143 992670022
749607739 852032152
734270406 837337112
304958200 399790123
702211106 713807399
9301146 522090862
700048817 717225406
950448174 991272533
34111551 204852235
628482996 678931615
568006345 981189053
560408679 959887590
632540051 856778870
419131908 677072224
540342021 630836161
475052884 841406544
208511426 765187970
169975335 390947972
934110336 958513293
220521079 767463041
180370820 838040061
354716618 380222102
157194724 634167835
646502409 950793313
65947916 689389529
131085813 382765124
936254790 954763474
266325414 560943803
205369962 576238193
999617236 999690001
695706060 869176993
271626105 805953081
881645795 944676515
502292878 918917251
584208071 695916327
431540967 752326070
176395869 669327724
142930944 379544642
384870988 643193337
656697056 916045696
415567706 623148605
248456295 547974491
205650879 618821687
847668136 856912102
677754690 966208122
911647779 994140081
699504746 996803462
124170039 828535619
812315459 950887961
71295560 392017948
47108842 456838087
683357289 716964445
41886605 344766990
153727580 826920760
939467818 963665589
824211284 924000667
690788202 851641393
407379603 937150831
698452691 781770649
545584173 893841770
335838570 529039197
260042463 338839804
514287560 528728202
721243104 791256782
375000530 653742544
414650521 834949050
194995924 790882683
482636611 779100135
776597299 791734572
689709840 956685033
281680559 750563187
277901087 312449271
421215572 964000464
161447973 693956854
632909845 868888089
960125432 982600846
145985026 345135185
480280501 951551199
245464291 783856930
150629617 564199769
175731167 212680616
46068250 407766215
679052484 685356222
830452377 918989516
649563398 685539434
229759407 803593533
439606967 970425124
858610535 920808350
539380736 741454822
55516707 801329230
199613324 586952943
548408920 816456236
298292826 314246824
821206349 838748836
162497198 836512849
482953888 933738224
387542392 536918871
837291065 966118821
489233647 519556283
585347221 911593499
54262801 935556744
171559456 863176012
14846349 94512251
955040663 960973730
65539021 934116924
586409799 598895935
5541326 934973774
672356593 842898237
46741423 298510473
519417284 578938415
143312688 277675081
181536187 469824078
471957681 747158869
934289628 974314731
599908081 608575898
222333653 353036435
444937554 997265697
917976724 920656087
939091023 992003942
533446191 631572591
604005664 931094720
113959040 960763143
467423636 768093544
226123663 962498385
620832551 768589647
245870379 307668736
173945463 381166110
637880848 651808959
66481850 762075848
339290196 603583926
548856684 918755584
8940727 988412238
90252283 703598850
344468307 652018117
868495302 926077817
88596798 785764066
544385031 638163270
331370838 637811221
26584065 653757556
835256906 982373974
581990209 992542443
401541013 515308421
110185461 375743130
33682365 378169214
489606020 944114546
867587998 930655658
2376733 993523996
152263114 833650758
225765020 838620972
61745877 217794715
35868180 844462560
671346017 990778651
325477816 714700374
816123358 886894886
510596114 707084657
523165975 832896092
138541661 389922818
263954558 925015802
55390623 546346427
176732634 488172828
602892429 652705115
268267810 947381981
396981172 783831637
276871371 798469991
23285105 478022745
223843795 425970029
602140046 920561389
42105102 188124144
642812823 645263755
943137641 985520212
401216750 479775048
819219916 948433498
11226385 17573958
274987884 495834789
760083464 849570823
551921253 817225229
12834487 492178169
427295510 465968542
595838107 616467318
968923706 993431265
410968642 818306050
540782839 570755227
267359987 948278092
752490674 983903656
352932674 821687343
569749214 903362074
79751278 654223183
154739266 954432686
421287212 742731490
109254465 382997823
838715112 989733504
968106465 980587947
110625490 555724408
9563517 287437278
203518518 679971085
950120598 959318798
897383412 980225446
130202651 582769924
664178618 758692302
697483435 870141025
631879598 968426108
72705547 616844228
982152676 991624577
854506054 862782686
678503158 727376328
219771036 885530173
793937727 948525673
229941768 938770034
23173593 412464905
907207320 945543915
502980922 815660067
652953579 823229647
997531085 997812456
476015886 515859213
803570821 960177231
768155006 982676522
837341423 855310758
185390182 866777636
466078886 928920374
533304875 651809418
704205214 842227052
493373955 640228122
953385411 956822921
705751182 817932654
706683982 876106873
489736852 907205077
415376849 468767569
173417217 379509491
429881996 470799947
235014657 528259346
971223920 985355298
314733703 977896023
137686642 429444908
530596804 869535585
659741946 696341869
860264518 941472918
66295745 197088762
603016822 626892579
965269239 994966545
970129910 971174167
929591211 986562942
775278217 878161687
788257586 934858059
444106132 813422458
884717347 933453339
785172369 842045025
883980494 913766484
48610058 945839648
425002270 848575840
664460231 947870975
723002921 821430760
635156241 786472318
138543409 164986100
545891150 627861676
930644315 950800956
924986248 954144563
746595902 790662988
244698116 620918498
524385744 998088660
806181602 892881667
596495409 827357187
212459889 300121265
436386542 512714141
549883662 798550058
534263713 891940424
973654525 986645520
725055132 818969670
920632035 924627148
383071334 941106512
638461481 865726823
911061222 959422853
751153900 806178509
253727149 904671184
977513096 985356577
130857312 934659260
61501979 183496157
175778240 231081933
834897439 854605044
682412684 849783043
532980018 684065442
171860510 569304089
549213158 980119336
861343472 886219042
186355456 482548206
706282906 759072070
767572080 879083626
750410182 870085845
862966023 914643772
127990556 506035856
988333014 997350382
524863082 959367365
443282566 922488476
360952551 957991003
446101848 975441761
432044590 504773428
609568262 757322693
491939685 737581119
762425231 813716988
827363927 933986687
250650032 771633228
404363519 564667213
5442151 361490797
633756290 900594659
698519729 895217238
870551285 882593917
31112633 483987558
923197306 932441208
311857944 419046967
645161223 995888171
907386906 928184130
150410106 622009417
86156407 532954750
702217555 747395178
64090834 592180509
330413597 767869093
82987615 407614237
589574457 779823055
705773397 820522936
862221984 970017418
527671181 865137225
13999949 213475516
576021700 925998086
444683868 465535788
890172610 951075355
963496156 977352251
321348046 759886801
477885237 838589944
448190716 864166960
351830839 746284069
207004859 538986924
195330081 953910602
829141085 915024694
982785548 992736758
31874872 466323766
969840709 983781875
400469189 541122253
355776860 443067658
684853832 708973561
666880644 955206794
158869135 704988962
219961384 364920768
199557436 924796448
276072681 427354076
737999625 850141742
21724545 596765007
45901976 259743554
852715073 948922249
140796271 180490713
869185163 977925082
816829287 924289561
469500536 589599570
305855976 551838694
608767663 636038057
640858713 969445948
445305327 897175795
203868955 753695654
997771786 998917369
123235659 331093184
620249280 941619309
125694193 802460479
899400195 964297208
68343299 263072590
818060081 886937240
59331392 260996585
771252139 874164347
819540734 942984779
648149469 899908172
27899652 93715979
185194626 546788678
828250375 989405761
272354463 310739729
756467625 830242286
614116880 806120222
716798496 939345503
567815232 916685332
509623130 634120514
848318241 876235035
139583621 867441968
431692727 702354151
157893169 479518678
216561770 493680882
390826704 653884590
893790128 938112021
778155297 841226791
223256290 379783981
483499580 717847284
326328380 965527145
754038499 836771785
353148105 506533860
735300424 798530812
724440946 999608863
780307790 922627904
109652167 666039264
621427392 691653533
461858065 758721581
989282893 996434394
906625813 980798485
990836239 993389694
121846429 217371637
917152152 969351601
815716482 973906412
551729812 845039929
411556091 546361867
386117718 768770358
624878743 773816607
687281571 982409375
574060333 912227165
538804677 606173815
102088503 500897991
739476660 912087057
272491356 721780183
924491503 970294243
524542530 782746337
347958219 785555797
298543653 338796473
95579132 221045705
967346222 970938065
74090991 114946982
377410258 464781285
642146120 897687930
555004961 862328710
542981426 683708626
630561178 915125404
393143432 800257836
459228943 748969851
327933947 687312267
250792641 778271228
876772224 945004694
886053751 984886176
707812328 911772585
42361112 664673674
80979624 801323474
594677261 795855368
428819908 610317228
763078999 834446708
681169098 897313964
449511106 742326239
915205553 995189504
185478077 682238709
338869898 775164590
511578759 871001559
934328410 990718055
807289715 999391467
566818120 824333318
572634081 652501059
909534595 956052470
798628136 968541597
92517714 499409966
993851156 995600114
276372805 873031872
605704840 944555792
752246849 775666662
16861482 356356120
113585785 834647229
363527214 404669894
81309671 666734265
247319619 854437342
23707027 489712722
154615358 348487492
237301420 885007116
741727507 824452240
152241613 328206180
130755921 798863257
460800019 755787905
971914192 994879829
831535920 950873214
334187520 570978259
531294120 963373274
166463274 804108434
966044184 971148721
136520088 419173657
514620929 527970996
350567550 960327293
328541626 431795824
850391846 905404617
233530260 973377346
693242945 960973176
912410937 978978374
276015354 366710486
616870852 818061515
697092048 800000162
702369229 974558379
790685310 868640908
605371320 853119774
261210910 732014894
454136612 650217939
867720719 985318443
376514684 979848541
852052028 941889435
132712559 592503772
841139505 895034251
164222299 762519846
861822288 932037246
688808738 947157152
16213275 712236521
550686105 812392374
534794954 874115039
922671400 984657468
625584906 787821077
420336903 778805604
987215750 997336243
798705541 923343442
159817030 735716948
539545851 899920843
106288293 359196022
495116613 996917614
2680555 338906007
403738109 537696701
512240519 953905668
705389878 964181843
318969068 605207789
575771892 834463791
787975426 965014477
615075115 782455602
14248273 310351466
236647541 931917204
964435147 968543529
101044894 654154692
705709928 762243509
366405643 679131052
190573894 474008098
880092816 936130310
135783240 452458389
8957421 544484740
165695885 287557710
668544855 817803197
366995341 756517899
550125732 979453065
205718171 555189136
938341867 992318992
668447204 844974514
492332116 756962447
295852209 664231877
870019822 884364780
637066486 662345729
631139071 717187490
405948532 792685208
247390928 391663604
631175841 878506983
600746684 894686152
720677494 723466595
159367995 740789237
871125238 906807494
489367963 742532537
926053513 958814799
332938771 705366322
403092958 476736876
584304052 861327114
858174239 916648437
969684038 996193550
914532172 939237204
946288823 959292518
398195850 862276475
225368805 842524545
727866346 779907732
701748746 945097723
479730915 809310536
255179201 378666770
306134969 729752218
133653485 743954915
785582194 887017585
438212034 533330359
289865969 997518874
464414847 493104262
186368593 380432864
901754061 945324499
738364723 795108654
755280485 757290734
96913402 620083641
134259519 349184661
276719790 381803514
742742644 784788907
722635270 818453655
126607522 143589030
702627756 804430460
557972602 829916834
586012022 884007033
682398553 860505088
571321754 918572558
636507599 947290332
92583235 388689143
902387148 916937168
927270598 986065473
349253504 526241999
204829223 778470292
329858019 418279971
485126130 801530342
309005183 801336636
387747476 759072431
533375900 682546882
406668749 799755117
448654575 763074551
685139504 726323754
891825146 968657204
879305211 949823365
257739082 666111479
349949359 881028986
247715861 650065955
652549769 983337287
543608100 632805341
12473306 401767563
232245149 774292865
281627938 918370087
937113813 990261847
153212067 324042959
257378117 509995049
794599001 917574619
514732992 928785361
10389886 769340744
642774393 967628709
584105682 933581301
39341706 951158239
699608244 718332394
397353180 721720590
686536279 997823744
108018747 315174603
15714084 449027521
99691919 961165136
533824588 727702677
700930856 795398719
728666709 867655685
897066 314052604
603377381 720147714
797111875 999815783
725453301 745442748
93245258 724927659
265398815 543038434
863933377 994558892
239381418 928556868
24599067 233529276
73382883 745715738
547943728 607436046
355168969 804710001
562058732 961080885
202998506 816103378
353212360 916726097
380395181 750602160
249573442 381298863
64504497 795261847
430895269 807998111
383926872 983384802
171120295 247491880
309545010 332926192
846827224 910078016
85205566 97566818
551690765 565012985
471654628 690814166
322878729 764836034
326718148 730098361
677028144 940080683
889414315 971418729
1088819 992554958
963044375 999997492
418916365 844496467
863676242 873704178
155522314 912184163
756207786 827052324
628436990 936650102
371516329 545434543
186268287 323208379
491011057 607039679
519720675 872124464
204344661 434340481
249669371 371648729
284140980 943796568
129554655 928401444
731507686 925001520
691852041 907928060
713376458 937722190
658008175 789409843
716024876 899888791
437678341 446972824
244441626 418778951
883403578 887036440
400423663 422981605
450344481 785605296
898215277 953259720
653706177 888148113
567836647 929378308
599988819 610297309
531262009 758778219
597250120 918254824
118961425 164587403
746911044 842736844
891146559 958596853
824022937 842439695
562098366 675145536
12889685 95595161
308490388 679910887
166652882 750967515
226279167 330625343
338364317 919658058
446626859 664035924
346893491 857081268
640988343 649734888
244169124 527253634
997203647 998036946
566544015 907513729
31682173 128810846
469010524 815754782
962231619 988521002
302959845 829647081
354084183 459302045
81873085 113504219
208888740 366204882
286428919 987541902
294477863 362823353
743854279 946221036
538817053 691421396
354380637 920654481
497557056 658273026
209871841 259435173
886031248 950841410
96873918 801610692
285400455 309241729
169253409 322905369
548585701 975253179
286996927 844212250
703354962 719591933
701457159 848596228
625581619 815336101
41632499 704729497
907378644 982418329
450602342 909513404
238870825 856797403
502545638 831237702
537176905 794455623
256479828 379591192
300725160 752986248
46019303 209778060
30897159 970714703
648708104 721580252
76545265 745786920
625970623 905666693
609784986 690761467
963364358 972612234
315337385 572633999
746059981 828089386
695075074 872486924
989171997 995488910
933108534 990905402
354872718 759028979
220791568 423895239
480116459 544410008
491802934 847351079
27412514 874433662
938957014 955035451
134420517 610057947
388774678 955432238
504922034 714974388
37949764 222188118
435504965 762990803
198989642 254356220
313001718 349477205
517740976 778304396
376026933 704927822
776637878 933877523
759378709 812165165
935931540 972678112
717103232 999337906
777287999 798207976
937270970 974149294
233423319 978704302
572466768 597277158
535029720 907941457
122271646 998358350
629680235 874946543
553822185 914069835
474902642 682785478
658488513 760252502
598974398 645743532
423915358 715561712
410329344 913953127
432928580 731027080
930760992 950928179
928296117 936151502
369747397 780733962
371471383 597753376
80324837 902241022
731058072 837769181
351789755 859026652
391095187 970184092
318999916 463980183
632561925 978688345
707497886 757193536
526186485 633533823
449329898 943867876
356696839 563315512
646931363 895198467
454321917 632522623
91077198 471065229
831175365 835650438
595995324 955971631
328445210 884417040
984579923 994800738
279942669 837732869
886972473 962830055
747758358 752468536
470347278 664452677
420962785 491888737
91569819 596189441
363338913 511192614
563557269 839120099
224216209 275345627
395177955 398251378
875684515 928979766
726647148 964559698
519174911 596637768
984906741 987262641
327042977 443416876
703615716 798916831
396620843 896461254
153956733 291024338
309161465 417666750
829560560 868436907
972816899 992326028
590464652 810744778
756831180 886395445
235971097 541351194
983260351 990089412
491209486 830140975
303093460 988347863
26076058 538159572
694364670 884372314
991009626 999772902
666200563 868531627
795895049 937039687
703319342 926245541
663593705 941445534
579382463 609795424
662339042 953433567
203661317 451573763
598658766 894103336
139258549 216238414
382431803 970724778
200453985 511868533
859196325 996410264
683604766 733265110
394628759 934284658
309618731 563113762
876420705 947019320
105324307 384158192
631504357 920861439
758477172 989745516
437233606 469169495
474590534 523931693
894054190 955925729
812970763 875112698
592134170 931720775
367189712 820325138
61087069 407956216
846558635 955226782
700685588 835624276
465944633 749039667
462976035 494698545
853427281 868107515
526946698 870018943
470068987 859559741
613158617 761379525
663071488 765594524
830846889 988870390
519862776 782027144
585229810 985892493
621783779 996884888
491228468 971605357
97320164 792383698
489755093 841381930
938343910 965633226
539757743 848292674
259719355 372020701
903889043 938792408
389060998 895886702
207919847 893157880
930308514 932102241
797623379 907338579
342191185 365828379
616272576 823624805
908212473 958771452
490836895 884556148
790010907 870953545
440818629 822445684
308619430 352631240
544978820 848347257
347148003 729541547
454492113 578898123
5134408 669857316
418148260 854304974
934667098 958231962
609060034 775860007
128114095 427412722
16847708 890630719
261582940 909473008
284489178 927342494
395816787 623322513
549582252 978587413
732034695 810181929
396249080 655554514
580983634 744529081
918400385 937597945
937002081 952723004
801360895 829815530
391402515 629905765
759269319 995770456
44681280 196997496
764694503 954274554
977778333 996278331
145742177 360603726
723925020 764414138
29902743 366073399
568210723 968411621
770709796 799986960
440985725 983128955
330454768 969080875
115360805 467852509
510513732 983782064
779386681 874820691
135778571 742110862
974399760 975889451
745680669 872891123
904069235 959652644
515852197 652904079
109222478 487729526
7502194 909611609
385432445 600647493
823637038 914824066
239389558 886874882
200922525 928335294
163704208 294930268
458762607 925240118
585593296 679630190
11816187 898492948
524993399 781394722
42015799 387915887
287356144 501773132
371152229 958040698
123931760 871978838
800068504 985297667
894887736 941651586
726827575 765978292
483946883 954241573
473913780 599026968
391351155 537148678
102392958 515453750
891458044 979761050
625946771 724563476
585647032 735024975
135599050 486891127
213511461 625635334
980054025 986042999
418715611 856280604
742975656 983575648
43745445 688297335
379399282 911034019
860180449 986084561
820693 15597254
308647319 443705785
663366936 985941565
645628215 946707609
762898995 807436878
912613781 992059585
134556208 424623440
389764699 667661380
754318358 760254913
576520046 827338080
847728910 895682678
75240363 431491561
901682285 985469990
615899874 773818863
216610135 833089747
61794026 908779627
879341325 965415344
832132075 856369458
798265390 870886970
329659643 570503502
928421333 985148805
102954109 417242779
759529935 879925349
311487519 988648498
246931430 761833839
891374020 938483702
310688738 863014865
63378793 880558777
988470168 993283776
528004586 977556984
645270391 695271627
156032556 983323707
121193920 999885706
605596530 715192480
533969917 573641425
887133144 932069528
328293025 625008143
92739344 103042929
174456758 239796393
699839255 819962400
890945639 937153104
285269196 914755877
469365211 792403541
303555530 411074448
811277205 841380637
637651506 991130155
998796203 999524409
742732256 799178971
698538226 905328480
700300564 956414643
198848538 686289394
281183661 563030267
779384209 827622985
925004588 965884518
892757016 951625463
233501662 955463983
85298350 820810136
805207808 897114837
533515272 610659655
591310578 890826147
903046083 918531280
147154171 912355243
606968842 908416595
953676938 963371231
910011896 941373699
282121069 399925556
518208373 521267670
146906118 948253918
576880119 766281352
75985009 889954658
469590969 554466333
437166394 502781913
414244160 612790787
639950065 811806979
93702329 394422603
676909103 869339618
964100518 984796299
727540303 762977568
1834545 291777913
165341429 960952559
790698990 817768731
596213482 749438095
393336368 985831382
368637867 724014027
217471114 752240739
844191649 952736345
338828453 352926880
334078232 394901022
647070686 972755854
104446628 167048474
374068789 505228960
383886963 816178905
429768364 992546352
388777234 837839467
333474252 613649869
450659567 942139471
275785590 965522077
157131081 404363299
973049938 991787572
287388457 450751756
839121484 990338506
581224933 825893323
825469227 969636738
593781053 884748921
599987559 841308519
374494706 556859537
384617545 480131586
927244389 953404377
127664791 406468443
99188382 307964819
219348091 579452931
228541903 588059157
127139143 821961702
167939627 409200346
775000542 842032732
406753513 874422154
331330413 363803966
869164066 944778730
782622029 786971229
723910791 724505128
670680982 992452753
243724397 638032174
390840665 652861501
169163450 237762116
821543008 822709500
332307641 781115660
675686649 763527063
698469815 852581174
854514240 876475156
561060034 852583258
499200775 689925629
482319555 844981605
456949321 648824636
80629573 404292822
779493643 971282988
963678379 993054866
916030442 940298778
453467190 799472609
166543985 981047543
400040669 916627922
870765121 953015896
900542915 936588704
627804819 701600638
569705817 696379723
400929189 817921871
464263340 484913979
961469583 967442206
442804297 782952079
600118000 953004339
898835902 930907624
783474673 823472540
117137739 895319272
501589194 946264824
611776889 958747114
477496180 919930762
487174487 919591725
213659309 680881653
592797913 718698339
210533710 934912864
357122129 483485861
128817818 298440290
539231484 641363472
387439726 622431815
725195004 936829655
128823108 203463346
766804678 984699174
225686679 887497273
577685668 927097862
643654441 876242383
566716634 807681618
679486086 963142710
294601541 394969852
488331911 645721166
804543246 907667481
4781554 132553333
852155626 993496428
742912090 750716044
653100709 713084797
571241124 813259101
979223485 997723730
596507391 723693571
128533253 805939175
961648015 979188802
73133349 142024602
143451784 227588276
415971395 767552726
691367382 695930917
413943194 892795882
144103791 439366837
111905862 915393736
301054378 828052783
768231365 769353942
713602462 941743230
170380260 696228014
586144908 762131230
161654474 252312174
66630989 763305623
345973972 446023380
959941918 979556222
13995129 253696492
489949555 532886201
764340103 819075002
82617898 98384014
796432781 888264305
527575702 644751335
265315788 977411318
562056934 883601185
411759312 644765202
344394858 635566931
942324661 945326021
176476235 796448664
235116809 982810670
410767048 832387375
493984960 893608534
223660336 908191592
61188031 240613642
957458636 988226224
274092541 644681204
669511850 777973935
332534139 350753286
582090284 957542173
376959422 704384245
178766496 654494567
997715837 998082488
317233465 685303513
412359085 459193214
105957691 176412826
540538620 719544898
836702029 968111706
736690269 762546209
119204418 300875007
988862214 992506991
758691438 893610281
75608505 760357932
125968237 884286264
365218269 583776417
699097593 908055843
559417855 994222450
719569395 901971317
984681534 992833598
895984043 899228589
648174159 935864671
27960271 366593903
329968089 529824864
511478804 987401497
979163576 999363646
660829198 966836204
600925766 797588164
568582011 903168698
714541414 953863477
170232699 418785340
426493028 449829436
586190259 716669994
619668493 946672201
612299526 980166015
595924729 659676995
409629428 745297392
238420953 776747567
363828435 805381840
434123668 713905391
833237256 896963738
336613396 930117400
922971494 947243806
119992303 260889382
448595099 560267717
409077984 677356733
147358435 183086001
636040970 756782862
964569235 985081113
888461015 954684640
407209848 993874545
575253162 770093084
143343222 969502197
394255121 577833137
869498734 955354626
339725472 647529190
454499800 510483523
150858300 430856430
660643097 959873401
30391383 564473064
234811057 523851603
747767376 907061382
480001772 512509267
986924330 989794878
431728244 620591025
138680663 330746887
247902121 970993455
73494135 446133439
961713397 965716724
200446329 948950541
904432350 975494283
436749844 680591802
862048494 955787614
27856501 728657940
297613010 743643512
702394471 729933362
438832110 741196176
726613775 749223967
964208857 981664311
583636650 975042904
940551046 989096827
336757943 638042220
983755070 996749529
985485494 998961259
916828050 948840352
299440482 481359229
267736739 971053312
894782988 922530897
260796690 545332781
442520526 508728102
539687992 921046748
756556214 797847693
517601243 655596217
220614208 722732253
924097020 940961439
494403184 969459293
736833365 820845506
168017709 229674442
830196040 935830534
248880082 382011096
969192988 975635843
135861181 652655961
207979929 239327685
395525337 579496180
694303222 782633788
148295042 473053620
957565498 969246180
581152273 593501102
779526000 866697661
382103398 445940932
897215615 981042566
990156991 991765581
951489943 973931559
870857759 927476910
339505350 412662282
429725115 895045274
274984759 703961054
652614649 930159117
349012788 594181524
192601770 489264779
684712116 862492760
640263895 915027990
405471666 821620343
780620817 851304636
204147570 877971622
446022385 972036629
880688654 896253048
511078219 787925092
972463372 985137987
90227443 267785246
556258532 917562169
973025452 975496109
86149440 571251562
129485253 153637674
984994654 988491523
568939770 909364743
182669506 694750720
94798275 197445983
771938840 835154474
403191991 644723835
989970702 992351686
658782356 729811903
684593013 940252595
616004951 982995082
150541475 898708255
255013106 443811011
8473719 313225971
308687710 450205649
503954664 807542704
167512939 453415442
286889259 955360341
483408511 981740368
968865835 996477764
245345728 619907131
166966856 924354996
497235387 770152049
611783420 705170291
543679689 615918533
313321418 605509277
701882352 711269832
56872746 295224742
900531342 911602419
990249825 994753305
874152473 920940298
894459727 897129976
518463620 935452923
491361585 848673322
73483645 170756267
755836334 760231840
944640269 990527057
515437089 604076955
435356368 928676979
525673292 728472575
83250081 715871440
167720682 449512963
50947631 406527108
988300636 999060331
894854584 894861385
980054606 990774227
35816133 684820625
494587820 882290371
410184951 688866276
755662717 982457488
24015119 675212505
342925130 439097829
236699688 693339994
971871624 993646193
886801919 915737081
681657689 965057088
705688579 776067657
118624520 526485549
22040232 869347336
669815257 720815017
829499484 863613658
417010449 480395580
846618910 917748043
912910855 966930354
117845850 730908286
728829538 813172742
554391125 979186899
735573189 861262322
821784990 945916503
24085769 153601110
938789625 962341860
849654257 917412304
331176417 910840295
279523493 594441958
564630709 712738709
653056752 842596900
184957010 984551942
397681474 965677840
532077291 740825109
346773858 668291260
934679494 962877887
904530800 967017546
574791056 934410362
230026320 455898122
709789073 759310617
769775703 989983755
561776387 894159878
364232564 499228301
678079516 718050626
246253248 801797118
943627935 945977848
269867134 741044417
808813905 962978488
855872862 927054570
704527567 902433724
700588928 776104495
438318812 831156534
117316572 555079824
105450388 793249578
952538625 961245669
639306301 806283641
993519863 997933468
655495190 881638784
930818346 974115416
143996335 586461077
956472143 959022602
589318335 748535070
805923126 978675705
836475509 952478243
948170235 962282158
150369665 328083580
511428951 963009423
302333175 663878321
735199463 778776798
242046963 320645253
480894258 722682801
902733648 916573508
993345255 998005936
31561830 447391715
243365305 790302250
626095802 788121640
383702844 637232689
464467202 829773301
854820382 992928189
556096983 560698446
854523730 904441749
81608264 493159147
561813671 605868414
772024031 787680607
127884327 652682906
821917415 839059315
762840295 905814905
846533707 888138262
163728287 464131358
401395763 851593699
34793873 854924516
285018809 520846739
892414577 921674296
608629646 987725657
453535910 651120037
949096037 962726526
619864127 774262164
561982072 622531098
794008875 979658873
956132454 981047684
587383079 988452909
469801725 662659099
919042188 990382170
232402876 514770372
268110299 597075716
765714121 779829449
327703910 672416470
856875233 952248830
995486898 999655356
693753196 760131469
54383279 114787954
719289472 915080506
732838826 971513859
346369976 494660272
939978642 960845578
336874341 901627256
326721768 865636090
830879808 885211266
287131267 702537203
272107147 334971946
55094099 407295263
838127304 983061981
605720219 819364780
67772435 699867047
404038372 790429448
985827354 998080465
204094337 380920247
310375099 674478127
109548219 714865069
833039670 899316909
448820897 717287154
952731046 954574901
706916036 915289937
142120929 528302649
530987352 925403507
240440586 940160815
391449294 998313409
466196220 484976321
759512028 980328338
998664443 999662891
687592130 854367088
947341018 955963019
967847416 972590762
608881892 630449112
502458777 760797073
642144876 677259483
60667614 305577085
475461036 770449109
316675050 604517509
411612034 461032770
227271150 229187643
129712388 508067720
223837447 264792355
441035568 967840335
711047345 795738201
571773265 588674919
78686601 962734736
661765109 960060894
377726585 745781401
367189951 754647334
366845600 677764547
705641058 840748752
435434319 639936215
755525055 856166308
112563022 724163994
302656191 725889857
382446943 568037259
165920926 317158056
748747587 947714429
824046327 881849407
481739223 697095425
158664110 763180171
458892772 715319355
527162918 878438795
908208008 994453373
525271251 707425508
209748115 598037018
134830756 348091458
839982611 979715342
994595095 999833779
829420825 981140118
151270923 302255604
757202724 983432471
434351302 835176749
957658271 969312985
625241066 637605548
865572170 905073218
498426951 567385453
558191638 830666935
612925746 729245585
871126435 963767234
25933151 36623598
572299370 599977855
792497515 844887988
270655175 714378346
390667755 765741212
705682655 894770643
203015567 814906828
602511023 803325080
213233344 325319371
724423535 741745548
517647484 645948876
216745239 522737151
654998143 752448050
650447896 713849446
803184459 893919052
14110241 214514024
307995052 626478023
150657207 954940745
582744493 907702209
757467449 998970477
75870014 609791348
131150197 878730012
323303238 531323023
217729399 464071959
519723980 885361730
887610803 953493304
794455627 826722647
860676313 958536803
606396067 733938798
30639395 124697549
321558884 936140278
967772553 976966761
78534039 643934877
61143251 179356892
807751029 816813948
960211143 992466990
375281253 771542057
58812750 986471382
407888691 577728714
473441685 679588031
571743204 600042122
970138905 990959421
224817678 232706423
302018240 442814240
278370040 623436791
735892337 967186022
49520241 947365764
881287046 933816593
75001511 509313118
351924700 486232943
832603234 974502666
611616147 694621434
386469463 929749051
778053191 846110294
316341199 388417521
242184947 607059267
116556747 475117011
132103933 811472307
99438158 339108597
233289771 481125576
878489341 964977183
546697612 869287391
574182102 984317597
482786550 626560606
164462103 761295552
749274615 763127797
349662056 591727976
189973491 999245175
277435996 308168790
505419693 933894528
544817430 878765752
816146558 972207397
972149311 996760752
65222086 304594847
432529913 984014892
786226535 911634949
590144691 938620317
127134065 233096700
837948962 947026974
441305381 669122467
723891569 907273610
521512223 634360690
167477582 828274811
544074095 897443163
54251901 579329800
899374253 983999727
529902806 889985005
208202678 545521645
892171682 964164534
512049873 940838807
720817469 936937932
288359370 542426766
202966477 737815680
505512864 610653400
170710466 577900205
263998724 692949770
592735825 611270056
431870145 631099099
476458585 683956142
766614395 960369178
129596098 857446717
286867453 517612991
157911505 387861289
294889577 400582642
414664019 960813078
881320963 897072602
215508861 538229420
872947125 979089531
335465544 367804716
394551090 935211402
46509604 259603989
629511805 925512728
481737803 542158897
2974537 381752362
546816061 895398146
721020760 883752439
666271502 902203471
517049026 826070743
21648424 237704962
35494500 262991870
905620837 944469504
806833365 839596255
913012117 974511512
239240118 585295342
691341023 907887959
170019291 514560292
457600072 846081574
310224389 637507588
78450149 744207059
457915386 939859813
329407950 373015772
326784541 892156843
615037198 855530260
180371101 487896303
615820649 903388799
959897058 960013251
743691607 936180730
818985526 995012544
586851186 700720091
441594753 811050149
837036589 997550383
617031216 693470278
951085670 978297188
973052422 976996927
893656558 917053190
77704850 457485805
403619609 766356178
41767521 861621058
576187663 700922050
84439366 705690567
606878968 768095089
330759697 473592712
865852850 870025998
943779357 957746247
342633860 534712604
592263398 718051437
762197399 811109261
478187023 593685895
767508873 787576868
420823992 840107143
547315849 579756642
645709822 838801050
461800091 959455985
580718065 732071158
596977416 903973380
14812859 785466649
178695781 211970379
174710974 723941156
452870894 837904590
23958911 103929482
601433959 698187604
337018922 815250890
990726191 996941461
199308529 839915115
107138428 285510759
229065388 656103938
377040259 679774884
1635335 28274471
177747452 450044944
698563089 955610748
161422925 290408296
244119509 826519191
903237988 971900394
334119720 652982000
866022935 885583973
726374414 887037699
722938527 862113745
16809053 525319546
588228307 990060980
990732538 992014656
349383912 966076245
72706715 151617390
276930781 848298161
914652770 981731324
758259845 847913281
255186397 509735012
213532728 688012036
295419790 450377401
27880201 642370434
423190915 730026332
793668858 941369998
586865313 764072162
3145042 416958898
266768089 775966690
130858444 865375759
521163295 656110506
299260005 763012220
978212278 988955557
361844296 921733785
769953122 915807402
280245670 531169117
956649775 963297022
88618446 429830966
630384407 969569579
298120269 812394739
806281777 814211243
137314086 315785390
652532279 813536514
707363160 856154212
502062347 697864928
627467521 930244811
717433997 855316880
27883222 498148411
372687024 671242656
906100419 989179798
832811257 890750796
791659397 961305870
962908443 986962470
500953702 791220269
628699632 732119716
21198989 540237679
927129096 951518064
128720929 409015075
785561586 953163969
113962526 833568213
64499723 453446802
963719361 985365461
306588032 735486334
508225187 854379976
809091820 928841785
578935393 967092121
766160182 787027180
481654869 934648812
943404042 966017247
279434198 462038065
62793158 363348313
688278198 708753023
877666299 948829151
987773827 992725310
870863480 942615699
726210517 760998866
780653946 990124190
760575603 915082115
361471373 688156784
232843913 496026767
667564641 940662478
59020544 151426741
916491415 990458642
43259473 935173217
586631786 666397207
737493912 909945081
420258954 702302193
294524846 925542616
48632384 478693715
951943117 977732988
961513005 988736422
506610661 681903249
264786223 589932795
51729740 656863813
249616980 841064986
12367352 378383460
509135098 654339990
510701361 524993314
656692044 931075459
242875591 444722743
59558016 598602486
911417296 959804574
962942206 996086234
730049396 946360837
226094655 719636189
352432002 875829733
769048983 935222571
810547322 862387215
722404838 893528242
452250016 782589413
800820708 866206138
324538195 941656781
257248094 372195641
123703248 826525807
638303825 991812102
158793085 345611088
335347437 877974305
558507748 824387742
265290882 848443736
716424336 844876412
532322743 547829316
131552175 960973470
480339126 649012822
178051042 476962015
158287629 706326342
638034976 914880165
876948892 958110419
180513977 861844145
35219171 996640661
930045466 957143070
4132498 378833720
585470284 964647328
355463859 656241971
290381778 549498695
585137074 622040539
356874881 609938525
944622452 946311426
847515770 879428568
407397729 408542013
468908563 701845555
80003286 445210510
822077288 842497879
611928856 825098889
108663186 230711519
527904175 965120022
482649118 553793429
177935955 569582566
372248176 477900369
852976847 967382161
172126948 804743584
650535800 872053538
171765050 382299347
209492933 377360087
746605547 921322248
921569545 958740945
93922284 507274558
46707086 925030732
474673576 540485240
880004449 992254044
262676791 803791804
943182110 969990712
505226352 860480602
206023862 898968468
539114884 705117546
730103681 805060583
339759394 677666013
268313022 465165599
662765635 790494354
823075256 937725554
333918707 857227358
58158234 839445754
509469620 606805303
568175607 762583054
610829880 750259102
725190307 807077710
326058447 990497384
496634813 868791477
862546197 903291502
986214135 991169042
701664847 984449638
825943334 907619007
254077727 427223782
491776855 772330597
476248720 502772517
900200436 948898953
274814721 692335736
332204894 378248486
328092392 503560344
674807630 828450977
555543287 641883623
613875756 745068691
110134888 278290840
154274822 474380732
986182871 993472850
102549645 324206750
579573469 682224726
155195779 984493477
855043219 979909156
553373508 671967615
266133596 718502848
970398162 977617255
22316546 247226969
336420109 405572735
360182437 966928203
208055261 534440909
491286527 740033244
668656741 795438711
430682719 624382625
222757276 402087736
308543555 573948128
827154283 964457845
536368520 756238911
36529535 349000893
374308956 618807689
946618028 988211582
278086188 997712212
831874809 964497892
65205342 625885903
261530818 974602262
996619742 997586552
380688166 778263266
431076769 774308050
610953303 727531350
487582590 923365831
205649853 544793702
558080591 899398289
758216816 830534398
734864704 923617449
697156769 811359676
992743325 996886224
916842809 996453710
669709585 721756264
291416403 691459352
329912537 969796934
653498029 897969370
655950211 931529435
907058489 951060702
392289367 800692537
150233841 342970676
882792428 977263421
862810022 946177185
106404821 136965361
247578003 476349093
60190793 619925646
508169620 902620925
644637026 974468026
795927382 907853404
116120744 199951788
576763964 987344543
976264499 991785213
539003788 762802634
948646899 972577420
986708695 997326140
509079596 790289013
262051961 980115379
932696743 972332907
166903774 682186145
985608627 990638363
663003022 795081783
490384378 854806777
115658672 991809232
370609731 793374225
364037005 766937645
266793751 554690558
44224985 500394557
912145928 983506164
537258802 838146652
368516778 560893486
808674770 911984414
775172729 812411987
984138360 992304030
348253222 377022609
851490961 979994972
600019016 809331489
341443711 876704639
978022454 979280306
378585670 539700448
356050346 821489090
465794659 765770915
92160951 617432832
852768568 856736541
381174007 865776794
931046353 959698730
434140055 978741924
960593710 972400084
328118772 372662276
297013066 981141476
783243609 989090222
484769288 927718258
483645283 825760704
504029548 709982504
900879059 954143181
803144994 911640426
304328470 345732744
40863291 745757933
922354244 929859961
680191086 991939676
844233869 978331240
898404549 991415289
985893629 996908429
333405114 463619456
364637544 799025411
148885130 541286974
241144786 901984372
855205961 879034668
983838580 999577269
238273902 914284937
41295437 846423554
632776673 813534402
119277741 222885490
816068900 987753766
345118383 702903264
492832578 518940915
523857803 890888363
912625366 999311344
855657739 989280371
320706457 916404740
526630180 949112549
19421632 403410078
457571613 472623950
673169273 966263300
533088240 690239517
925848717 968086463
869573932 873468260
487990102 966799689
227310269 782099032
858740733 921003958
496462330 800064504
722723595 802514870
212735225 388270510
694014603 857100914
33873530 553675115
622480163 832882252
479737673 886726886
315248344 858052091
956914878 987481641
969733234 991981484
141924701 339176268
837009378 874887725
338042779 929511273
736844482 958819546
566623316 781458230
483227849 750414126
254220877 599310702
575882997 590322859
364270147 673154946
551245710 894039891
912095661 936842829
496692646 935504686
399499185 567130473
296065021 614536914
383171017 461759745
403299788 668927490
331776801 918831652
628249537 841059918
126090325 469261844
77859706 387602171
148812912 706970116
808252131 882239495
846121718 935289951
564082738 991189132
953260604 979904150
256435429 689028457
502152719 999931596
690284713 963893619
433874325 802878359
764223808 770738019
763714617 805614374
576039622 799203346
92771812 990897796
956601967 975374288
318069011 886817324
77711523 594855907
236953017 882024327
947013114 966410785
236151285 555569868
323247193 683439204
513299885 801991159
535136149 977644201
963124449 967936638
513477097 858966561
404804759 678621322
613516766 662418795
827712603 980498866
415661561 508193375
920469189 933450124
992058677 997258262
570611932 695038897
881867759 884248707
401199147 534477809
656728346 907372956
511948439 653356386
235386147 417776235
672500242 923434970
53019215 720038973
242753776 397758095
996104445 996231713
173520435 400705372
788060039 961631227
869577191 869934831
886311249 980747116
980393814 983047076
137374586 650301004
470863862 560938773
466225318 895656232
719915985 904151707
626486264 958184930
912950157 993907988
948049475 992910766
498011850 608998172
545151246 809868121
997074974 998821466
228419069 539952804
652575427 995365209
498477861 818706044
384416082 674229330
189463476 760401919
624392380 879048870
9438306 604817453
19094848 988289834
174559554 354605175
188681849 969747091
277932319 654817305
596628585 820792845
735581967 951568099
14579601 681066319
744726894 971123890
159970660 451233338
784492652 903905579
622842756 747055796
346791518 608422918
979609978 983853199
766183301 949934472
992046898 993602559
361915271 461263118
318811128 683155149
319934621 746407676
231791145 395569794
156561520 851994200
32963043 628415255
547163569 894330532
877080477 908976302
717178162 762913365
912312179 967761309
71292477 871494006
747787600 839276829
897303529 955914168
94898267 246038135
720312970 793823704
380070719 399622008
721582489 796563742
908239741 979465910
210822677 237213432
936680486 988518032
747697 385395327
984770952 990017723
987565145 999851813
688881989 747746897
247011098 727160494
196712985 576362821
799019968 814961550
852420762 905233684
928907303 967950826
771376997 841494188
799390943 821164083
440443346 863529907
250192533 448566599
599851830 993453981
572037148 759826843
50502832 649758903
18427387 815915269
91743092 355125081
318659631 557640464
395914202 694387232
921372974 959053166
389415204 821944248
247341952 332042297
597678168 648326903
691107000 734284397
458218117 996802909
246515175 732107248
98549408 750600813
500933275 608969608
699216336 858449970
768913900 827168866
417152819 451331864
434923942 843424495
630538967 973653797
313332234 618449848
588381910 715092393
913165049 961369310
557840364 621325139
319011059 440747605
630453917 930110818
173830340 429122537
536148469 897863717
524070873 603959197
22822858 417861351
262136607 509222081
948911831 991840706
848653962 984453335
712694837 870960376
929962825 969605735
941285554 959482906
597333671 879671173
339231663 746562087
213472759 400342644
701104774 804894803
237836599 591713437
147226153 539204282
102361710 319814573
694048468 845419389
746841905 948070728
844535487 872980066
846876921 877138916
170774213 999527187
136465595 836464917
225648053 313690682
221810766 602723941
643213820 713843812
681760735 689571434
211383574 475237811
934754417 942111612
748209749 817983791
5518408 670358693
563266812 669744701
368571081 990046162
383721376 516937124
417995399 863647136
731117056 918669030
691420345 974533041
358938125 561223683
843592131 953587304
506025859 538471886
387623899 723396414
524593434 652767340
938609348 981534718
87168932 194417590
132999716 179890476
735321151 933326685
362672147 396179857
843377045 961346473
744558510 779806751
534717035 828690230
114944496 631085369
307974776 480671053
705358908 764351851
707940513 823662075
950917298 998351424
835804317 881426304
548278348 684973183
956273842 958087136
926607376 958311603
930646691 956893010
663845719 945575516
596503855 624582204
78267939 181087123
724105644 967108408
397519508 695511067
890004959 921133015
465338229 939804991
302073790 690059794
894388210 987310723
269241746 801869463
567605345 567905130
683429378 841256221
577434177 799848122
558912603 674697240
683056970 739124874
887428645 915041579
706343846 740616112
295031419 679632362
791097703 924471012
328617466 539085653
316234797 586371987
660894497 870729297
761068349 901942366
211232491 951414203
467040250 975001729
636745874 641399061
626474922 886575103
495550128 856112739
583644184 864170067
250864290 486383096
576977711 955840121
626715063 799015896
2355280 238337161
707274903 941858434
642156208 919760117
560288980 954416010
462734135 953256112
425007560 814057091
632601372 908045168
620559478 903678917
543731691 997968498
762293648 964359902
519294063 972460029
528354377 969531492
194798681 306366815
211750693 441486604
421441391 893775089
377977608 650673886
262880791 288401361
45798259 268360986
635128156 697786335
271756718 682002020
737127108 973935092
972719490 980942780
664095542 774108337
58162135 259033717
979728861 988104276
956886631 994352901
451534572 736398794
728474622 996087973
562103271 626136788
809381744 985247350
331424680 730193348
686516513 888211937
928022125 998126548
150361866 699625425
458269497 551764908
302998641 510339079
977453855 978933030
28222128 400640713
15526171 31736049
685586923 711553945
810396740 892754506
848866073 947831382
856329373 982353023
654561038 807315854
318191044 897054741
272237815 293424557
438749075 558364992
189974299 983553914
358524156 750117562
768915450 790828636
890626014 972063514
284915441 840315103
622524613 955675043
176141774 248133391
953499008 998011315
662896347 700273301
52766028 408273587
616902782 847034325
656491938 708451771
749203598 878994476
745583154 900728150
719461259 736116110
782544607 783997952
410264714 728358473
808070633 859140732
807025028 996798670
94569906 493470179
396163236 804436146
214627127 438755934
999846541 999980448
478422659 496555707
994290395 996902987
954198499 962490634
708600892 771380375
735133 99061956
845377589 888988827
751602459 762658340
427354470 451140970
248947428 406279794
142163525 191718793
559150106 923553817
481884980 528635779
176439855 806330962
14727630 926728075
919481178 928522359
651715912 852206501
336750271 503995009
564793291 873219326
397273507 469948833
795790373 930837995
704646150 943708963
123056753 980384807
653510101 949132088
223891658 571441111
747095960 768798079
54420176 839016717
899870585 941645283
661637325 687820634
680396303 819474156
366057702 369139540
495738181 852518522
579910298 778923837
863951523 933329648
491338193 649412705
518536976 756479489
845328200 893311924
840857862 981798125
886071986 960722932
767574030 986770587
463358405 697108117
180687314 420523005
192624862 698567895
1460469 739292551
657095612 736952941
680117006 685313323
994718334 999382243
281538276 820815286
148795597 180777712
351803571 411333020
712111186 846758838
359651750 567233012
973550777 993536566
272761337 946768434
944919588 998328245
622972799 764093474
963527604 967670928
615842106 835445062
519438054 926358631
594279413 792801744
383833485 976892971
114544500 363862690
298269513 867998195
74480120 233504166
758715390 772430889
709279337 826785227
431961430 761297482
875765209 925512219
717632679 768889009
522653210 640022226
831638162 857692260
98678046 719582310
711780936 738784310
207343520 839279308
525468332 944225370
266676114 620318645
910074590 953269082
892682258 924274791
248655886 494848020
674149206 737052662
847169640 935251987
896979328 945648702
917347135 957230446
320733344 994957934
55195982 852171984
255166387 911120083
425956795 569771095
705546521 764910341
83146701 162523746
836640244 987701197
393790331 979938794
466434581 600773854
277374801 436335295
53522206 419063635
969350342 971814729
14298234 278025537
616050218 772697423
469371857 720931179
556892184 826810664
586442762 869388176
938040463 987954726
81355878 312985721
207383907 493504045
476418235 887013421
480002391 819465768
876420433 923178714
813361059 968631891
74405383 524569273
824625374 885702993
335365055 653508649
758215796 889477320
914217034 938982154
962180940 991496219
768058853 868182236
223136169 929697825
672551122 930666274
635389848 716851741
543537469 875946792
401764433 929165944
747571331 924281065
103415104 850577782
140852947 730429880
505392229 906671390
947564773 998458606
860450750 871760527
177890667 989590109
456248403 664867960
783421659 963447481
336737237 856419187
659955308 661301019
302136608 453160902
741443797 859195442
639013073 688470324
179848383 727159011
481589193 513947852
796562474 876281941
862477491 900042267
471194748 939382128
518606100 963443427
684956478 879991353
970543671 984284317
178214417 965298121
825941264 900061640
378538923 421126499
555531482 968820888
116583018 628880339
463129655 877557924
717402465 938026015
849289042 880556297
25343106 416971982
697186134 999412970
893088059 911474063
197064381 943601913
481037943 779167951
47511751 511854755
729371785 829506513
202440637 887986910
444258595 667955592
675626935 773007951
442972912 980811523
15784801 695773324
834559595 968163384
512161933 692896522
592314635 897909936
187998263 820456228
784930007 938170683
373312298 929690596
958360112 994339101
84848424 266952494
869456754 985897519
968591086 984238053
660178788 729377337
544185132 647354500
208766480 440829842
159911033 426219454
368669563 902478062
221953358 512706143
474499281 591980114
320443061 888844051
301107201 876417997
382438587 659657194
590646451 689435630
704011594 728655463
553764067 696710133
374697285 757823622
338027695 751424927
168627135 576450117
43136207 150597740
375743860 398991581
993811856 995218735
240182256 244113545
325136384 872647765
881185861 917273653
205696551 239065216
284771358 984188954
509644373 817522588
440375 738220255
870853591 960889790
725752806 990793559
999986754 999990541
467405559 647349024
785223607 791076696
229517217 941583276
64237069 173973563
591908513 679030307
789315976 958923867
243074753 579247128
151575364 345970037
442313948 762366162
58615608 411437067
496366207 585466606
287531050 376200220
907161342 947989461
510653634 850063539
558294298 925409346
994671682 996597860
818867021 991357684
789009644 812392670
91457150 657079415
363267862 609758174
564554751 922194274
700344996 786521481
111192577 311384244
152467854 823414731
243013301 412005904
675606870 949156999
618530836 966725127
664947932 668587942
240071522 548968674
312395470 568300028
808441203 811216888
877494045 907065690
531368584 680178557
904519231 919665189
790519935 996188530
195594752 686961639
537519684 538519328
267826785 940610359
837765272 988462711
888507027 997404203
253225955 535193697
623162905 935414905
187738900 328247646
966567961 968711832
600815049 840859072
212002984 358300453
407180146 655299392
856073901 879113648
574655057 695874109
540608340 600127396
959370032 997146172
399125208 931997527
926640820 983187130
862639202 913812419
142232153 951213935
21499474 144407136
538924253 632059634
725332528 887975309
930700695 959522929
912415163 985256321
440602358 472505804
791902850 973262321
343671149 700998284
935648305 970543654
968403420 976888576
174980775 444457398
527528594 779077324
616668431 761122074
108061140 867591093
681167604 856846070
579982761 668781500
574657866 674608842
112352455 608839934
810529450 906754749
182710828 775962716
353705158 728652749
342903277 756043897
835239639 907421727
874126253 909123742
115876439 543051582
669006096 824006656
988316425 990378102
79468704 885635668
140724405 424528540
751046089 856475912
17729000 301267230
914163964 984152888
908483587 911337660
109288442 144187761
831353904 969365822
899233313 940480981
873583569 935888591
824381634 889910773
446125562 649666812
371747980 754310383
146385108 323940576
345986975 487408989
281172610 726598660
712456897 811674009
297033786 789430618
766896916 859022675
522135455 870457966
344229381 515058948
66307450 258556264
622635652 848240384
415296084 917562971
376846379 787163589
425839793 541542868
141679833 277425175
272629571 427501037
593992324 994533292
908815922 977143884
160611295 389352835
480101036 638773170
167087041 587181810
629684918 822751330
403940682 855579431
92869832 438625235
150680057 953278621
25836324 848901274
775695261 794817864
569221573 833219190
618329629 818492881
760898106 788644529
762166841 846033842
325287024 846896200
57209818 179875162
714899946 855226282
279486019 934131396
437740954 680502793
581126619 903409290
864357357 912675731
546926201 757201895
287433271 573072957
377234775 760636141
489638551 861236076
190534798 992805225
37134696 70534599
93849196 990643470
60471189 876240791
235581880 568717872
963795754 999516950
499143760 792431817
326440835 449853813
181019403 524756290
504181629 904507268
226033372 688282813
322253282 697797749
987810043 993228716
706749412 847303703
988879421 990945309
858021318 969988837
688696190 949744127
386960248 637024187
717504051 874991897
149611568 851202566
425673723 483161419
197226125 974118704
472711889 585218590
373956145 835301279
532868951 950770908
117565074 593300417
387155681 974971920
17608855 946327059
273263337 804689880
443043232 617497490
432393532 887168148
815191241 894991715
639587870 979666556
231888046 322228331
632411999 802718193
686215005 764698224
764323831 969551190
581512857 855783450
600878322 939517896
10060879 118247882
817731175 911340929
216328277 478097194
243922463 634944536
796662852 918149162
565172239 775359967
216358344 537139266
92994482 360156756
326184814 504115746
687329997 801239351
252378804 727641481
445814611 981136853
824501007 871985437
58514047 157608828
179592693 288846732
803630011 954406042
886597611 921246234
541103797 565003512
583273654 834492790
350480941 745526453
207962887 265123860
995627715 999028360
908046184 998340467
601678977 927797393
286770666 445683415
890099235 999659712
287319148 801129306
197445731 640055900
722385172 970554479
108575865 256497528
820825277 905967355
217753467 695070983
419657564 994698280
467623322 772214000
790980716 855914439
296173830 641177991
881916015 910802599
846778070 981590467
940956578 997078545
192855311 483240173
171308653 681174273
332353454 600406526
575117092 930001629
794618104 884188062
14166346 482041715
90415214 544152955
232461637 662172642
929930867 958512694
766137816 785106183
319599622 814044114
640608941 831587252
576716460 886836947
588609562 627580177
309360228 364133091
521910115 662789800
916242102 952451028
543258810 821741955
881638232 977806661
56818109 240158352
986936858 999366900
442238644 872620050
461507489 968808443
538693617 683134368
621397348 710673016
158731303 513375686
441114492 692330234
906972447 952353275
943032333 947393276
375654976 597202788
328468851 875986681
231678289 846249944
163063768 638237602
632842482 679172628
823304773 910448090
920187906 956383718
520065130 588454301
449218116 843020454
384151467 709550277
967383027 998517429
498916251 694049765
412594321 715401231
787081559 925550048
61871026 186416132
831072653 910399016
66191136 835282437
485176110 918852066
995286684 996162016
896744114 957388806
931088682 973734393
220194305 482113876
437420052 499547000
652660995 808849520
434967936 486829724
321257156 560602063
543747759 829624200
606728007 984438498
651971532 817259719
320605156 935187161
349533050 383963393
969980292 972837024
685141798 719926667
606352671 965747357
266564446 568490908
685890279 749122975
992714452 995893678
795999521 890399086
690231503 978747933
519886072 954341143
729118149 837459563
248813131 289360294
17314058 959990057
723504069 999995954
490664346 804857926
644461818 729478775
36551715 640525322
590144164 900685524
97307840 960883750
337094633 428624948
715573400 830683402
243957452 404494993
830170871 851277910
179332714 691484161
872872805 924018281
204815492 778474399
109111151 236934889
534158554 576589206
134614173 663242114
70899656 126418476
257197890 360967944
281281220 568656906
704693140 764712710
913291045 975639623
159232857 835939890
97439045 358449957
606126447 919387077
489625374 967692162
693254711 942662777
891548562 918112376
746633247 766170586
744880363 903930705
450154109 459051456
358045745 655886982
675148949 791683343
642650239 908887971
729562631 864434123
398429641 573899188
792968671 930951228
739594837 995024360
536891835 952663122
842780696 875787692
872287687 918215167
519823794 797488955
81585927 384222392
910444405 981057937
776375767 908236548
637953101 865480443
912107913 942922173
529039851 755953890
672943367 985388256
365419592 979881704
608084214 616161223
990800852 999329298
521697687 932861091
302789260 901300101
910411538 994780320
376087614 617557260
634140847 796548863
364470298 391411779
228432570 544145530
403419263 710847799
864481407 924841244
976800341 983534525
567730815 641047014
707168375 710020451
836130826 989129208
127705133 372601798
517874333 590311066
307517831 533218383
422140497 484636093
275300715 584687542
3663049 14900610
57141866 397153243
558826033 677941369
41935780 897107197
475354591 697067453
971704785 980839432
661892139 802697889
784476766 870180346
773537631 932593201
369010870 915655510
295011484 695328457
421731224 719969739
726864531 752509890
573042874 704688311
963285712 971903214
825454831 957093421
11799302 691100241
392422845 586443788
396922873 649084947
427913003 720668096
457108962 584794308
94368461 995551111
910354381 975267444
79113138 741016454
571008004 667583327
467810849 662169576
671213478 835663899
535261374 848054647
455949535 802171113
354189300 706924747
206818116 393354891
231747827 782243259
157589952 978911253
909404564 992116804
944889914 981536884
27769986 570683560
697942579 698707592
183012801 321419503
703800947 816816231
744373247 865762170
372673673 977016136
432900991 837614993
692365684 726749503
816883149 972347781
164176527 481645387
899035412 947481855
606012989 945772072
571662646 978387224
27258055 996100181
701087557 944383703
911644206 965736262
697593220 745982893
132161060 218292088
52986259 87390617
22172858 969997568
841146404 917067345
875864490 941794247
993784907 999253724
930189888 943001106
539487874 825338416
132881383 674018602
496319815 689020518
436346557 773217286
911091297 980485749
876165449 933815717
380471246 533531973
249085845 643736920
936888297 989377782
434200868 624268446
125223528 911869497
125264963 178959923
926245817 941207713
416789252 712966641
863009187 871958795
633806117 772208291
509870808 671841265
419260854 985370493
133731113 433011559
578075214 941588400
970519240 992281221
301773124 990267302
398979660 505293857
325664601 449446416
281463351 594573690
245679678 957974713
634414039 964221271
299416023 509653298
732087885 855469299
557751688 914530717
431185283 606264441
320632154 413812673
26794787 663624118
230709596 488846311
574088340 732833187
639398352 956462304
265267537 659847073
562166753 724899196
551420799 761689519
650843495 862949256
609575742 784943447
996907351 999549517
370455282 561135216
885617267 924192333
924915830 995359988
578358395 768030352
150277641 682885253
106860788 681055269
566478840 876703459
862040982 976814265
845630624 882294119
605058838 769567978
814195514 834513302
452486474 626834150
352454420 861242146
684930967 811746712
982315545 992871586
758973756 794869545
422556907 954674192
152837414 311089762
216054707 414678437
253311912 358001841
995513992 996112308
752599911 981037450
110541825 247645651
368950773 464771713
505824987 671235794
886747796 981588133
320022258 694661097
612267185 843955329
77228285 642261224
109805940 116157634
776724959 823856146
539632965 915042225
450824409 650682878
305634100 595974328
479039038 848798284
399646070 608482706
621468952 755518300
383571420 630133387
137133871 216046953
394042864 591230549
466472355 505118342
908818695 995985865
319957893 700629565
284215177 701581531
431631472 933147132
302455148 891666844
922983244 984146701
342049725 903856719
777910584 956937765
949225606 974853007
918239329 933865904
503155311 852878520
663057988 680787675
221657368 341803945
895449615 950303340
907691675 943877565
364386706 614677919
81475318 597525398
52200290 401746368
896179113 946921191
331252697 940982368
16673137 656846181
471891673 655873985
39147640 690283118
424274463 918946521
502697329 590450172
459670930 979534001
275674322 564429034
403563872 990292219
413959227 783376896
845077864 873807446
649220498 814002305
831744822 848760434
787723389 978096583
959118572 994477237
443177166 931635167
853552547 856760063
138304540 795638082
88843582 838907375
288109968 915236822
676721695 715754664
694833805 870670348
277896522 901932483
515583685 606882254
212604581 609557906
177622500 653651284
230991223 943094751
659132138 909095053
63712199 972599212
626474680 925552543
508982012 784202683
605714611 989707822
566121419 593540162
693258587 738544126
623729292 955769013
567398771 615997102
365393009 892081398
949961101 979528132
789008292 950709969
235345527 633889612
235588513 278198898
745577301 922365773
399447350 670454812
186049782 536894341
628089775 896305032
737741599 879701591
314714063 786180943
2500547 424860278
801725560 851761590
928256100 960064879
629784584 927713218
677538204 919025531
136948964 605272088
326938503 983905053
784148234 830562420
607226312 777630262
797225799 969781756
397414630 625302547
873579435 924714614
546830668 704103037
932745792 962183357
128734062 778287683
417582989 980107155
385104159 464211287
504166994 717147732
423226071 509948203
82810846 524419694
476558398 674551581
467705834 552239187
397926099 431167260
401562688 493819429
15812363 825017797
282305161 792700045
422914497 538336969
526774901 705583891
646038145 943179458
49384865 324371471
815611097 864409614
302754438 842085991
286585241 882846123
301396764 339589048
272016419 942216646
521736117 662866150
53778501 292921531
164338866 631613495
912300805 944954247
497617395 610329726
438487864 574654169
278461695 935070194
535265535 980881806
32687393 287716259
319965738 534428381
874572495 910383990
529807757 652779824
840985625 952601118
579057238 892874688
576186163 761240041
572170175 953876725
75328220 182916547
127770580 773441902
360938504 854139885
684153832 858655059
480436456 947248913
823072379 881091951
639368430 983597310
872212533 925935851
614501415 893014033
310293057 599621979
855063460 900452195
364108210 477697331
838357607 914697276
867648911 908594725
766205054 852252019
944093528 944623826
69012092 407963548
615588993 966899682
841865008 847331277
346362883 368030551
618765442 960003236
593529042 908120226
380397861 731280055
757943898 918963849
18990398 646708659
437403256 781159518
191230294 310627976
515669022 789041143
482881352 996326386
995097160 997856142
517395877 544719847
506197856 873461801
672681346 871221564
587817515 687773484
14503709 973010235
317977721 341472367
554383094 926890163
249678870 702147501
121907600 223426508
390307171 891621749
690767393 886598118
137819576 927540307
620514638 858273477
924893879 940461277
564179603 956969713
54214204 216140611
13086995 484541917
131106496 877272805
779793000 810203946
498724137 699159706
45798264 408934729
679464437 833468291
400153081 499827628
351532241 526633795
485699029 581100086
910302434 978554719
911953966 951427058
922527295 987383834
365529369 793155518
240487346 845665502
939269888 998786928
504281611 981250249
394757237 960489534
961692448 967461477
331886036 475233846
838494932 944460852
251607254 348441797
104108724 403337670
539435605 975524469
62533178 903118868
929019944 953765168
497124572 729744355
580515415 711542746
96306040 642166743
718437590 981740539
562647126 910993913
632215179 682244619
535912177 694410203
25424474 943337346
368635759 990706205
603776525 621712289
524117100 927971327
140488218 143825529
847077139 943560203
83071065 996809122
972256050 976395722
69855758 675360591
873188729 933549012
113168118 187945428
894921427 921519166
174174142 443489802
966041193 983739971
591537745 898935841
348935008 973896739
573750671 837727553
332655316 618336681
881167206 914213739
368516187 516291274
268593948 375920658
325666936 423669018
180033628 392892834
584751683 819035073
456092151 643597269
311885404 654971472
928165570 952433123
669787886 921176802
523945692 789738694
144757839 536725446
691148027 762801775
306597425 462448101
68348977 354384804
459976973 975569864
622859404 992522404
472724530 845826197
548414724 974501961
405715114 965436252
587869988 664798156
742518246 980565393
148081051 507888515
564619583 580644540
625097733 905808163
156314168 545820618
958291853 968320257
443517703 653531842
895386218 902795683
761041678 962229604
132931478 827847521
160250480 606817592
222131676 346519397
564817606 983333728
845393283 888543883
285164589 478421400
243760643 736708389
946884096 994980364
646558562 864558103
647427460 847583364
76420265 788546293
247882477 570480610
798636972 949820072
282637977 783173582
797990542 947402364
232912686 659491548
862395726 989679382
613176781 866342785
827544232 997549050
592254092 649343363
936376998 939455887
259956511 323589371
80027329 974540819
748269319 960749916
262068966 923355641
222030048 738553758
585579890 710666238
650140235 947966643
117467383 712083218
900614712 924657366
308953464 706324484
192743641 249311739
292853054 596241450
130502388 344557139
568914288 689105483
339355617 680855108
641320951 680834308
426461230 786963212
248604015 515973511
15643729 799743116
711471711 768910747
966746417 992764501
335372705 591409766
218544826 827171778
989375827 989648685
632232146 693018434
529085063 930460321
325050294 951433747
624013360 711590281
251111071 645374155
804060049 815670861
951251812 984771447
771459726 982644172
534448210 798160955
12712397 984090400
557577685 944021232
195440733 871470872
896764691 911803789
372054352 561700637
346602691 490520364
381172627 945020054
619852574 985701363
557652887 987799747
658917384 950873897
353096860 409381097
431853378 702254068
69288835 322209838
505501893 676511117
834042036 911509313
617810679 727722935
47501085 755635287
965417378 970287580
845194742 927394122
840938943 898972562
397427068 519708546
524893095 725435994
955127032 987668122
33650662 968561609
564708906 696444600
726895949 853481882
495476110 865363480
454838820 899804955
117262591 426061927
731776181 919713123
789523225 797824063
661906956 788049323
490487871 634283346
763176669 869252609
356274025 475114660
13739492 431991621
235292619 644667373
539368579 933535550
534921436 547544825
771887209 781213698
717711380 954962811
705752797 963462898
854268911 941320421
166481184 199957115
387241670 466874649
973413362 989958271
206735798 830997364
342776515 772325053
227091514 230431913
349741339 499062634
824035240 983733767
81340517 227029490
782306316 809822989
702689425 941705032
159348440 917817207
472844091 776493313
226020111 467608391
945617761 957149431
970159406 996951385
223054315 806662765
848280006 859489480
438250026 930939144
129468771 713514475
926429102 943980135
777797267 926594010
408920266 945444269
634635770 990810044
727576666 818058469
385821748 745869718
808034232 974459497
313129541 774904599
856387554 879376065
953050763 969380695
183199415 728360677
223332054 535716569
229847599 439590378
171484817 617840476
807611395 869726483
351572181 862846969
985135688 994562369
139673436 929408491
921028591 979157572
393066302 536930815
326552575 569493827
472636310 504708328
226017480 226640564
125353394 269218246
575313832 705870578
27633914 210305277
422160084 834676998
756938156 970666978
27098463 782569353
794321846 950367756
146444036 431106434
246022572 724760906
774563339 802623798
765596938 847196212
130491367 272113035
510333568 810779609
882535402 988958131
558097924 800471195
972617810 980855907
332332204 608288552
220267445 709359838
73141739 664064905
67804670 752988512
104579559 178668285
318638476 368663564
6300729 16786697
505723682 896376716
3065795 701073017
580650526 879430360
414391264 932943977
635688761 829705534
878470546 957308108
353975073 421557691
4428925 943863288
872337164 891455041
883939407 982518772
145591171 285442973
948088639 974307720
849320093 912740983
636183110 961943698
93394952 722691984
326994268 990105541
707003708 954304490
50937221 169389411
566758639 702417075
488083307 711347145
923460571 933229660
418737542 617098241
227062201 813443814
325490149 345395338
148945536 903184760
150527397 766024655
30377337 150394519
203378821 981630846
418550302 842557728
223835038 452440344
364902280 376392993
524480331 825860303
195332055 387099460
956143207 962757464
29866818 902769631
719387868 801814035
516530134 681798798
450549215 652065841
956732522 990140342
411727733 909619643
59159945 417289216
359614848 646239606
697274685 704989259
142067847 252523080
655188973 914790322
245763830 386913496
719786368 931783566
710185920 962878205
75892496 628273945
961869741 981955717
148039895 695017825
183415393 331551830
807247288 943188065
662731686 881598479
267923138 991252064
847107110 977452125
228027724 793026019
129612739 473241473
966566623 996142747
942579565 995937534
290933973 386945428
711002469 766259002
197704072 888708156
996230075 996813568
200963115 744840442
424458576 681419397
233587772 904971635
467203838 601752499
688934930 972776705
353328537 572863430
407254583 935776834
235732147 824574815
965739215 997518476
970685363 983045232
803173117 920161020
636300018 841024142
386199028 991395608
136289602 487649513
349675448 708071669
770720892 858231962
563650603 970516883
539849067 756801483
643371525 784044940
308518796 869394969
434394365 517662576
32794563 944582795
69294723 782756074
458648281 799483330
352682290 572967205
378394449 811089576
722949388 833211268
465141899 555887560
582868952 880997315
22167487 352166172
74327567 200349374
415692209 904255261
547133109 986774674
580648230 728130912
590760176 997254051
320262634 617707185
226686397 328769843
815856307 939926728
66871828 337723693
427255185 464583413
106562740 793756399
464762441 971060730
509190314 689466891
907196279 961709877
904048048 965643488
438434302 898649455
428909486 669714375
455459860 940789965
290671353 410333429
450293061 452085709
710217628 947045841
321823334 334195542
3605984 217704953
510254100 696331666
714089350 879569378
780379292 942407275
155405028 358122889
79363210 993676753
360024988 528914060
219500986 435010356
655443854 698225890
529785321 867043040
185490563 979738060
707780241 958768626
743507982 891146892
633139732 825955455
58895846 241343156
750347609 935693330
288825420 289278442
50257947 814216423
207489295 406470143
864011991 974730438
11386465 798129921
531138170 914136003
197726924 832342964
75377406 673621188
333017125 791357175
700792624 931848393
559389486 860795571
214715109 705851898
311145334 686644201
65619796 580735363
553903621 716614788
870643281 968596444
36355975 359659431
302529819 471682826
338377962 441710465
822715709 867256988
22520390 859715374
472208435 743597168
857018491 946319561
808282804 954247129
200637361 852370202
238979972 847131646
374274592 962511150
988939397 998523902
111796533 691365220
128717525 314388671
276256679 707889693
404460484 479016459
418997641 817503787
722552992 866260763
844523949 847092870
591473772 983051344
817555958 905984798
119299551 871483633
91227361 569978892
148550784 950159311
749241492 864793780
996409697 997591736
298155236 470944901
453921489 940874632
64826478 732666205
740235793 777442266
243140362 365080568
577302371 693955908
994872030 994900012
934159375 961676415
473630582 843507110
977613585 993052827
780986880 801460568
459406840 498940577
605890813 750321628
196863899 702832578
87050868 579903100
574629888 627073480
249168377 503175947
152920762 246496232
908115584 926846022
497232231 940314502
788660602 932772778
738237316 949599455
548195155 977105550
916005562 974573319
217672927 482156633
960541544 998125794
368545487 671257738
329983396 856479877
68151514 608442048
922360210 936001933
615189569 983350120
788556160 808584334
158501813 265278694
397914246 492796192
82743446 532450935
733537471 815316171
767458436 998603007
410040929 951800240
412665388 642224637
670749715 774707615
983325394 991950731
527645191 976694870
678001440 773370105
951142292 991558122
407149738 437032694
954846149 988661056
412601692 507489464
755991134 976584136
449322471 966864002
254210498 744760829
175906750 444566291
752822126 752862712
386892197 841977676
517300908 533095456
88239301 265634506
596944377 753415463
432140277 879725948
170869273 379462239
166253862 522032667
408828987 932071219
614464926 695021113
567883272 576386560
247384347 476974505
896509297 921985997
518826864 565833215
333590659 728687185
347189268 360801812
954314281 959468219
647172781 785525252
303052315 651625407
925949828 958841137
659298397 769960967
18917593 96515905
83695099 478791407
862037647 896129519
627766350 950863893
657198904 964117381
815895525 879449304
277670396 288101148
52842145 698636807
185792565 885560473
27502167 841935149
595943875 645712789
998844460 999832196
372421405 951262265
686000574 758800246
95352293 449939073
381416846 392315507
121883229 941018269
100950632 739463188
337301508 936259538
300997338 663178183
871005914 969643629
331223798 694318889
720933068 848022033
671767101 704041546
610315062 839035209
241340351 399825417
129102621 975784812
350985306 681132797
833228830 992962164
474402514 909924828
84484140 910219647
723408829 954156003
708658005 720344811
698081300 984483032
690281918 719021131
621700102 846973707
53522036 723664023
549516070 588187460
277752612 650144068
595371165 638918318
870893192 895896769
762122657 984566060
567959528 623190527
