50
930853362 961570560
13665884 907136229
810687671 940355642
280673704 611900304
806246156 955229879
66115125 750303197
182260076 463833373
893380434 964060936
835628168 861744537
20507400 428404981
745563930 795048540
420158222 717785288
82165684 971889210
27584347 552578739
732632779 969002784
897575710 960259645
251104607 371657023
896651052 990200971
930611455 945493137
682830546 947455877
135206009 405943488
29399781 945774738
445151316 461527067
572242628 928120511
653540826 765721052
844392011 964586650
253801282 290360496
135366669 477211160
265972931 670986063
199544952 917708458
111392629 566213286
96017045 705633707
507976870 934356475
319621969 496949187
977687526 982907506
834825398 910230914
412579969 908959405
275695391 918566829
657211376 691079779
164676742 521354409
704735408 958547124
357529815 399876141
386103434 636757798
204563957 315855914
988378402 992434847
962437821 992468704
34258769 217840665
733201110 829113014
109199338 949121204
599554182 934941441
