5000
600863331 742336637
133316056 641386535
417516805 754453362
587098879 896102698
284107537 391204228
562376217 980014971
28134408 788534535
821975184 829596070
233580957 637941693
65726052 460877695
805981971 888748939
464647104 757852171
234076421 401639424
602864193 636775042
950841320 964066387
285299841 829246337
103829648 425921878
890795785 925971470
905979734 966823259
52682883 487074164
47322161 123111255
212567125 800296511
131972128 215907525
464325735 837203523
784309010 791152884
807528966 940175342
690787473 742618601
323476243 895884268
656779596 798295381
732499605 820721202
468118290 596541210
59291001 344065797
572974794 793591511
681741208 893737305
105443569 445936274
994449984 996524408
714763471 781325757
903797883 957342489
161309762 195899143
597766369 945100927
218621505 588067160
333094062 593503355
605932271 771285978
7090239 43510091
1187041 965444811
691571994 781074647
530300863 990792926
689539820 904465762
991563235 995487137
24833965 353703732
37468409 250352766
319253020 452840868
851208544 887681544
910711701 998306591
830326656 890083360
131336075 698791933
43151146 240618241
693814206 811229923
107042512 325743503
402086406 852370470
411424945 745976912
923977818 967514870
314622815 907157073
862952645 913918090
856626998 961084650
552839579 872906859
668651132 912866946
497013719 650572473
17487771 557074737
196187119 535940833
59491483 756408324
564176444 725233945
952943467 958775364
206687562 285821333
770880783 779267239
946458975 989716779
355942906 421400901
525021735 648735585
588555637 962054125
122414189 823953933
414004787 776506497
944137716 971627542
12788239 432753857
515398201 777513736
123058246 922969463
380660578 531904382
114095361 807157049
828739735 993925764
95981518 867633570
650288348 854306874
978056222 998562533
187023706 469060173
945983917 990780895
333625268 591928249
384503843 668907340
422143443 634830401
806475192 862959531
866158567 912391943
798817719 805312891
550979395 746557663
945131052 980388203
799545869 889040383
847376403 952174889
549589632 652499735
106874782 753041426
579248473 894976001
162158884 940995809
469814142 929410079
679895162 871365278
72234996 695938132
724454248 883947395
395410836 895968743
868617170 875615596
230768134 805240805
983270531 996653533
523396489 593754115
454927749 651868404
852948359 883440521
996622600 997985274
486867698 857098837
577976413 581531242
834309170 850135301
825949606 964844138
251439185 855441821
811190974 850135150
234313134 812494876
827857450 843963920
253019582 575717985
417033898 541496162
988883727 991355084
445311622 893000448
895562498 944237355
166733211 560499786
498423671 996725143
380584082 709433660
128284788 768408953
694881979 755562808
194612785 941946259
285657798 744053887
818421170 907069847
808371384 957784620
772313100 844347766
671848409 728900388
749030573 781542864
262830399 487834097
385184037 553795718
656012064 713995570
489046707 505290821
994465807 996695900
954329627 988118237
641644549 935351638
312500302 444694360
631953666 913770615
550101878 659193237
442080718 738765888
212349869 451678772
494617412 721935092
57796915 671037689
759551407 969678272
390103333 670145345
987811310 993763001
749489718 817950347
495472522 937996417
652767709 894471568
396551262 681278016
831630889 998761462
895690350 966692517
360712958 627873355
644104218 894278420
81578929 897384968
738341410 784197172
516094448 983062500
432058324 542013638
105385903 919577269
826709314 896780842
619039796 629564943
382681585 807365686
522499825 659684789
374733201 554850770
444922706 949430805
759198977 958789443
272963606 284699259
290633833 896347755
943555184 976875941
276626720 809533621
167403412 272027526
702443501 835017230
864985284 966671155
349483949 827805251
209279587 494623424
754099424 934193640
231295096 951640305
33996745 687254017
825076562 927929224
150938519 215719074
303647365 855639074
942614306 956509474
794967112 817922826
702063987 894007448
766103575 885997508
347001144 363464211
854114917 961616620
268465808 749804311
955723094 980217751
992618407 993590538
693592960 724566850
750030226 973538564
659521578 898981048
259059582 792945354
68550029 97982301
609361617 875139012
657193249 968851536
532595920 688731353
325867974 972212780
250864389 601916615
14513113 461685536
994446363 994942841
366025262 513464627
360986438 678814285
92653085 334554221
451567504 720716156
786122422 913323533
456821079 985485931
514795333 996091016
720461634 853907212
106281840 348696347
427656205 910260626
962050290 996197552
421272193 946659364
249413064 692937529
200460754 919141274
741405132 767295269
529882848 972695945
527030888 732254302
922190007 998284840
503238205 807088289
977387562 991412201
953920981 970034783
558899995 673081526
79276999 163850649
52203109 649057503
539125994 548449951
891688922 998078129
740141336 771652112
837247270 881655339
548053598 768639483
719702775 864583959
832002882 935840847
459627649 461313204
299785027 658951142
370474246 519582772
36985989 52041322
828054742 850084634
371983277 595661462
274594738 479409995
558364396 602960434
701810632 784365709
440134990 726327127
354869253 716527797
336761264 883535715
77905770 303445351
738891400 959105800
158707609 270158354
788729394 968142548
423849610 686422859
41516760 470285861
361648364 863096151
450741797 855160967
128025606 233603974
819240983 899394849
538096271 796567318
423884165 621853411
634521631 753455587
93746916 503633270
663770680 886616839
368544966 570546030
61854491 847584016
735489192 958557329
856176129 917169771
686600032 792731824
254431720 995165114
190441593 964231985
767195989 967598643
991681095 991769847
855851391 889422844
613685201 771882904
718089979 936154226
262519835 335849700
221016130 266794609
546983426 883623858
94676526 209776368
681040046 764321356
954638081 961469798
625272094 700156329
347727746 445291150
549967139 717020694
336339793 516398457
510550977 815041208
448195907 555743799
580933008 605407942
422919386 676232437
986891738 986967071
784267097 868687988
692908619 831741649
656768919 848100710
559320340 993828886
781547869 904168556
732440358 938349270
116160118 318987981
504301536 532146275
62840140 90327007
518931488 639048687
39687974 964231409
229064277 534173989
336343960 527795542
766216545 834743755
624097626 674852308
942531375 989053530
684689567 687608460
331477613 727917635
77161398 867203780
859464081 951803157
861583236 954468696
638799297 802515344
793219276 870463765
294396289 527723579
716603259 897876460
870539316 908963868
803027111 847605839
135098321 488224039
796236114 872124677
849477163 981380008
342738654 623589016
337288546 806925560
332104806 371950092
628157210 632828232
585066381 915474389
444681855 745985313
704756202 831916092
57851392 506613411
748042151 778127428
107070242 881715415
894757164 937010717
915185822 985701480
253509171 412622535
342725749 482628062
70229214 721052590
212176114 826053706
103586951 338682685
564570109 581288277
284607618 912423316
90230913 489424189
180056947 771659156
415482006 871440981
338417853 366671888
30098146 395359185
567010085 923131528
393480809 621621698
143339972 548733561
349522411 541555972
246027109 413651589
656697340 698950843
30250567 124279288
754216807 940648626
196978853 521509932
566589892 585412508
881266042 888773626
209412135 825203749
101037169 614658599
288535072 560218539
655975888 775239256
817849742 928824077
989955804 998696327
864226447 969077621
659891104 863238341
483655050 831455694
210207093 853210233
296298542 975831752
732297244 856432381
658044820 754202694
484984074 630443640
432684358 658737606
135596532 820699847
904855882 992455753
975076420 978210150
986215583 993916706
804357345 929164977
907239579 947579510
939510308 948755238
167542237 842588772
282139943 807128237
327592855 596464913
390513936 429135542
609043659 642172976
250623044 359046313
497959188 731144825
657367895 757492752
4758556 299121201
954859786 997954705
8530381 363082762
791910460 820773843
146915580 855435689
56640749 231628251
183501907 244958529
698152740 914812803
93366591 901252557
339797444 999473874
1895689 857589062
524270617 630488245
712094569 741454082
801629975 963236137
776117537 879898184
575216002 641260322
550992533 996209929
197807907 519014962
920236499 967280416
873216494 917314758
53268808 931356714
488454646 554356942
489697071 812537697
385461750 904958763
510951377 779301866
598763898 863310609
684711105 792542514
181717418 978029557
347383950 773981955
301167817 448674368
765236170 913070343
357428038 692926909
5819805 821098424
625425680 671771843
333143663 767911225
288319897 764144238
341088130 360658734
368094463 681773294
474699125 868065093
726657501 935417755
329567249 892584936
879373477 968540459
174479549 447930188
543603008 656357926
944873845 958168726
551042165 905289025
740566427 979865209
499746492 713187710
17066088 503069231
408888672 422903251
454316050 538255412
753278966 969165242
819628457 876917800
577611197 855086831
856243894 945819456
995506652 998944584
617038413 748789773
882856120 895406149
326841864 859714158
69755523 238074098
474271936 799948243
452998878 760702508
266072759 355356908
159983730 646546078
987018832 993104043
914501596 955563654
916458290 919362535
686601389 887924556
457559688 931656886
810831862 884298968
990870167 994267612
966287757 968758266
354250977 881663246
216098150 453819447
922941247 969355604
778552275 794210871
540022819 880046228
977646480 990130650
486408304 905002558
269324510 526159341
284219156 676249347
277892158 597406806
529768783 613937671
506961082 851797461
464328459 999338080
151034108 807909230
711702958 856716291
964465397 995198573
245151257 500888715
887690639 924086544
86566810 916213673
716143 809116248
136923256 532853929
530527145 967087250
19831277 625841265
517982815 859143094
363567752 581516019
349245218 780484977
417780430 665552599
95728748 227463428
929594081 976989768
3670566 923640667
936854949 986321671
63088636 513557527
761964179 878984290
934615335 987379569
415406866 701880310
343440053 560708650
309115929 545068751
408686984 871319539
556839329 588693081
853398053 880967724
660297293 729441514
305773414 363657526
64364232 768467370
778079759 848148342
395099124 812919029
213532243 563693816
885909685 968534251
251504685 897181295
189406166 499640209
688488967 813512285
919109457 968543442
902511679 950626774
297518265 675976854
295265208 803344846
222234323 900891706
753794996 775305618
726297129 882370346
600639777 817775172
949932966 986948249
332991108 757655256
523986811 781038855
804525851 888263384
207870987 837380708
309115461 830790319
485003648 704087150
506095474 550812666
350216678 984310813
731832916 871169307
326806116 676215608
250892365 956240163
353985416 421031639
7815213 683470667
972906175 974124676
79712729 525776469
277500635 965034828
975991496 977271704
597450820 820471245
642551128 891090857
599813243 957242498
785082754 989207035
59779258 559240308
101987509 768001089
405515710 457100274
311465510 595908745
639737513 949439055
143851065 181866063
536415099 757836052
400900855 510241504
282468140 883427649
340877067 681550698
533368200 918884660
581169501 780964849
450105763 723472837
480533074 987106311
296175824 696778848
374959002 873690896
183710165 824599950
488785359 974405400
130357644 553600917
715396288 856031748
370402129 595940145
405083235 667601433
47387036 937891730
97244170 633130582
967970518 979318114
288257772 777094446
824306366 880603714
315012269 867558194
851939208 981955393
840311013 889570779
2027498 136509842
454129391 988174726
279874290 874503650
487459702 641492246
140909959 904679993
782447561 864215641
397699619 567932280
527676535 868429432
292366858 793790188
678002342 897240272
802327595 862547225
749369039 792170925
22804532 782202992
533068947 871523422
400016289 878374712
5216103 528693213
694667700 837430070
608541581 792265307
478573587 901186180
520734449 842059890
373815003 502244971
201230463 990877298
896221152 987072237
716759554 893606665
570059936 776722640
6223330 723936374
848496458 850831373
920532237 999702542
992514836 997047391
277759107 842860597
719565245 723537589
969375216 979453686
558472467 684127003
511311759 859415996
127477437 876328454
348939633 537109138
736249177 912523926
823734338 939890646
922855795 995498839
925514275 981102991
420692943 422187140
338530826 959850343
370634843 588222146
493313544 912558027
157521135 642767364
487419897 920199826
271092797 868158292
706085182 889785321
814810655 892179754
915844223 916713529
241122922 730639061
486801416 753302619
559867990 776671442
841594771 899439291
638523848 685708693
683138815 736070474
126782474 259891768
66092408 183483491
394584192 607815406
708175252 908282572
359654654 639646868
600887488 781050136
471050807 620970770
21421726 433876074
490678295 736842107
151769817 332342723
923427392 962194362
833909164 898458966
484650294 755833239
785325112 804213176
18503737 894732416
530623270 607600491
430309844 454832000
618712151 838514884
620589216 783183478
578610297 727833773
161855012 519915102
283787840 560849495
984977320 985150373
263517013 406746695
542554233 652533237
12621283 511932968
315306643 416858285
54153923 406309050
747292240 995508007
522486001 561354652
620313794 862571401
830933994 908530383
647234547 903862572
892113352 931833638
30889858 575021322
142501993 956595307
388080282 806667909
108429081 651880545
100325040 902823239
109275667 262464257
678646789 997708751
917941536 943409645
865226549 927136124
274415170 604297965
783225791 794239777
835440822 965641965
334979607 596039567
208610257 602581312
275731374 606013272
947048976 990887933
134032688 290421553
90460614 754392788
820340186 988812024
602962612 968965664
258209697 540061639
561346407 646609614
867624852 918308832
693890862 882729005
236838218 963461028
584953594 930853576
468103459 504683766
412662887 869351725
660374482 929625985
347153240 905565548
615750425 664251981
121687440 909670390
213999863 647746700
655293591 937482439
534683690 769044576
380011333 732545371
547137706 879141536
996714691 999015829
319074749 800740898
866765769 895348585
194472515 633048111
68883676 470036430
110071288 341531540
375702171 816852161
562268495 793775365
666936483 934639268
970059440 994825311
272653607 889892310
538093672 606739309
456934520 547122901
283234115 443590422
778471746 953026209
518396992 934587754
304109285 495527320
68646816 207676662
486334945 617960769
199778626 351890391
351001821 410296391
886750123 948776604
699226347 869424404
170192118 686397749
395221494 953739833
113042685 425255140
156345513 250059802
609404894 760848214
600463735 693976704
284448331 717108070
82905674 626623936
15756216 861941027
367927920 991670407
878858487 962107848
963754853 990936453
566527602 822164380
209673318 867491417
319425561 321603369
363131964 871736585
20724824 646937418
610849731 622621293
709664701 951445279
199657034 543432789
122215268 953926805
487559591 910934307
604064993 736282032
249575977 647065698
49291252 130170855
852343676 899868329
438179224 692729750
952181273 983093910
914066547 936335979
725789625 854265888
931074441 998775156
931639428 951645286
234887273 721718236
830150154 854268485
51665009 242053284
984096381 987230681
20435421 405778790
722905 191817127
81305255 965417649
943042761 982869053
646017257 921415815
298127250 582129054
649014207 894660599
811108201 997878409
328001920 599087069
253795015 362226082
762840512 813034413
512421336 621348232
145840649 357646709
273778499 481300912
563216211 647283146
909715631 938962567
399376403 546836840
878356692 945049630
695494866 832264443
373359423 619697212
102659466 792474019
716309413 986008904
40621948 349767549
24626392 75065883
643171796 699382657
579835764 852483138
409888442 856037481
80376318 974129957
150425654 961917456
384946013 638237646
256217522 843145852
106249167 271434723
274423901 533265824
334697533 851375460
380344028 981691650
211932923 265326752
899708507 937560776
281044630 878646720
448980404 734161491
340148681 478996889
262444403 455323812
963786631 967127387
524116713 711969920
624415859 764089934
310983683 739410386
548638908 712869663
696034256 956776731
330026566 352832289
568670484 787935598
971411560 973678457
853163424 867863444
329860923 764774162
898454179 977555588
736698134 859910003
178645213 886567131
22264430 132330400
551263951 600432367
56707971 656486177
442611292 854182912
284251408 890832952
486118401 666630673
104865680 226680541
478139579 896874032
569673679 899072436
325821224 821964225
199202211 930628676
373378390 518533953
637859701 967364551
72073464 391557915
413193740 608765471
809048580 945093847
563877872 699523518
688278519 914066171
744012338 975868427
45207296 513582296
632739877 822606077
643414505 719158186
309705791 831790168
201857679 491870673
926257840 994009660
418417124 866220068
60284752 897710460
639459792 800979808
407876032 531959274
770535433 965045236
804606987 885366118
675286272 983916921
833153197 917976648
688247875 988576220
3240716 851618591
47552479 800178889
224418883 366574644
254256278 428384197
311352489 600242524
958482918 989534905
81108212 573915760
412443643 733177798
675730425 783542068
787911525 821049170
903831356 987062011
443894521 514762915
682680409 828017474
200742097 994364986
639581098 736408554
985368501 993781392
904362026 962604442
64879331 310191458
694185152 963599182
106150497 647697369
332895311 470905342
114561276 937507767
580703449 812285622
937372532 977009790
746829653 992495307
718470790 936778687
195972504 234798365
317738007 963964528
589598525 803344696
256569706 686912874
627041487 710495097
737754272 926099822
722707931 983284756
444554465 526272422
800732999 808198797
51345258 938527920
24539474 784306755
164006737 393577586
270509639 504296185
419914090 827835857
678662734 845646482
827339262 831692726
546904612 874471818
424981178 817074697
5972464 429210699
386927924 917715393
990303032 994861514
641262386 830372226
980873967 998078526
218443985 798869730
961990479 966384564
153013921 362851018
10402402 469497338
257718290 574264251
4960785 329563590
717701329 899779594
344134698 628660481
278064675 738418590
282229209 801846297
308695630 918714306
94664367 287887099
292933020 676233461
353162057 518949141
790557950 877677716
919014851 973778480
334755499 764830048
380628671 815335899
686385396 932522860
65483374 912794252
772474673 946012618
480150614 720066250
12436878 426299831
246229649 453437592
336779750 885437407
860235348 901523468
621512732 817894471
398588048 599242197
626613950 922689772
588267417 719897676
449086794 917622842
988797295 989958193
528838278 552946189
823194560 950290945
684750713 853387424
937389595 974574638
923391120 995248662
375698667 396653967
841728878 850550519
178417514 752820066
988086004 990425179
605451268 866854196
741442683 767739290
44488593 435071515
903450591 929261998
818424242 871414237
19694792 601096675
244976954 275842533
565470554 698841352
233526009 527031109
580575868 758500271
661378302 743148114
139483162 282147656
756495325 869020557
689423009 726452133
820051052 983383550
739309431 848383446
619369693 722057955
751926984 768404568
352019412 528155139
275152667 366169694
739251077 837403841
82258192 686020374
190315626 326640073
918497018 956716289
122376757 334739115
205458917 240116920
324420701 358805146
56876867 598798295
234657797 964028241
587924406 982997674
811568009 991370800
899203147 963122505
775742480 972701510
592957613 741426646
214610625 257135659
928474072 964156720
449408946 901512377
356301897 761822701
21777586 89164359
440228205 696474152
582924067 845691504
551720355 987239306
917007281 942977951
618120777 896953205
655401999 675538036
589355511 798744082
789120036 836765601
119912869 833405653
815618061 939454440
973851779 998619531
719851422 853446486
316432060 976681395
949695366 981927574
446761163 573758464
802673024 883861153
881861501 916069847
977767638 994899134
262853470 318872634
936697427 951218150
651916585 676991559
165701480 916579852
372175157 723499483
295630160 697079472
273925235 775293327
150615573 447392664
43921749 297942098
65364803 924132380
354265876 582678819
889186527 963141008
264028177 408718691
614997186 704796321
784316177 818640641
547702776 598986247
865728301 935240023
91131807 527965935
699375704 906188809
13973924 808828894
239499408 678835247
243676893 927365245
508957022 638630329
562282914 947198675
8675324 643430372
184065451 970017509
86960838 849117933
650153015 926424339
123399555 475617667
314000951 887963993
152569585 554547747
331330734 717057484
801269974 838115599
921098683 933713915
569838737 642903055
293454746 316846758
262844088 900798488
324221095 946098968
799585271 930064175
860721149 982627551
450935749 789354749
483610830 632592146
863563162 894837052
500883591 817029836
554544681 627849426
849857476 979160572
713639950 900624795
936653786 956967185
585319051 973777238
656760345 731986377
11563448 860060136
906827028 990614335
312075868 796197497
59258504 883694042
498196251 760552808
285942339 702131873
591345578 634422250
721790523 915910321
384326571 543137182
346477822 838592705
243037058 275167036
608250923 859136044
496216993 509401731
521560432 801690365
624750967 767432341
162028700 955553613
386977816 608766485
748674944 992120665
719886915 999860451
776748318 840077857
532971112 959699602
811589597 935822876
323005334 390907984
625591731 935864410
221701909 667990500
645847400 687364735
553261660 849677705
282944656 566480700
223994854 865957383
490817495 886765416
652610290 861744928
91999080 614917643
611328219 764320951
643531818 754215217
616991721 808473706
868294356 907024985
829323649 983432946
706366480 756687549
523019962 905783004
641387781 733448160
915757663 975239029
480261186 971291864
873814770 968312865
168417589 780776610
297775681 834975707
566954610 840735662
671859358 968679431
41789540 341365443
353255364 838104408
335967425 509767048
438324312 860006163
767708844 976345407
993818863 999468578
849390890 899429167
229731362 905373885
108074761 703419064
637313803 668557249
303838197 624424639
130955138 596742164
655563253 839367632
113097330 742184383
441026767 967556890
580254544 724902497
94644607 452979995
62036495 74937712
919642790 944373021
194142059 691887322
308381742 376408281
877677004 996031652
664003156 782817149
32605537 868697215
915600410 920370837
4298422 530818684
149618851 875303658
420105717 638791516
961160808 997395505
810875177 839224565
958520838 987731713
888342907 948341535
129158530 434741782
131817956 415323607
196999350 286058308
534593732 651262735
608163800 665501595
389827118 856759619
342548964 360461730
225747749 794881881
916642107 960081284
33810046 346999661
699425427 931016336
919993174 928843649
177762713 469889292
481911173 547330776
846633367 862733896
649396301 928219382
74207271 279649363
383322791 710486334
335699285 413374008
237029425 380144215
810127202 985414920
906613425 942320720
153858994 697955168
775205926 887397402
152708667 478521521
366447587 802314189
971545896 980388643
668918907 866704095
36436140 674131408
205878481 688695024
169146989 430260495
385042472 577343932
447601159 743808458
308916238 639006256
943299641 945906561
207861320 940163155
927614712 990882232
921059403 969933050
136259704 954478153
844225467 887879319
947098895 987013883
550651939 798045346
394785014 441486189
677875567 962170541
906231769 943664017
788594407 992537576
171439599 392779991
876772301 899262477
650191230 700708261
478045672 660126961
245139927 431875872
545058744 623796106
972534636 976205605
807032183 970624784
999928702 999934324
705448739 830440750
328438403 969486308
317032170 795594153
354429268 966199152
772694341 927709833
718591226 982301016
507174668 584558105
5213721 710354017
390297643 767016685
540075600 643523700
411490461 821310983
76641130 960970503
935690530 983770521
273549261 507747736
825392026 929191007
645848317 976364108
61671097 184160841
691873419 804134914
641137083 717223860
439670728 832005202
458385711 458552428
672673780 915489063
233407220 656218253
696889399 869175823
788215433 990881427
743093229 933757002
589861189 910596248
82477972 189503636
154282135 224344006
979480210 986610030
167801894 579666101
589836443 957381625
794964838 973000987
430314467 662857026
310487110 820606615
247066825 803111319
31591045 275941871
13786421 490264306
216902030 632557022
610284819 763917925
402414461 997788447
353365534 596828089
601782725 817581669
118168823 216528247
857637511 999487838
21016438 768895606
941134462 941368135
489739298 903601250
766847539 858616313
751858119 952858438
853559467 861453438
631182796 740826771
627019714 883828796
625093410 786042516
143977519 458947494
456457663 474997305
139454225 372801110
451080913 665457417
318622000 624896304
812286345 883904155
958364626 962176079
782278779 884936048
547466556 915266928
81721129 719279095
644910936 835639167
271270452 418459362
842810692 920685936
48630577 733425431
344625160 755268500
105215438 463109940
366015624 518253397
497225658 951743409
419905680 789617264
882397733 930881202
697625790 959347460
293708294 590473273
913527017 954435521
375794096 944295343
430442286 764158072
666561275 715993217
841785655 886809038
742348916 764097741
247312635 523065158
380979950 425819032
427475530 972396965
264246112 495760719
133853306 144935795
553578785 773378896
109312188 995540391
727444087 771635657
773938855 959849695
863358819 948529890
421277498 705841055
556497477 830607746
851936122 969024706
341285832 887520456
365075180 552286928
929120115 942420032
379840562 926566956
121009824 773637660
862610947 939744792
933960096 948140669
123550596 476236725
705734865 805209686
634725624 800774521
49342806 52964121
453399860 692991224
956623391 971141981
180111587 989079119
405290184 671014378
135371739 464968953
668153846 879182058
554825816 749157299
601849649 859140736
859536163 892428764
866638243 872880064
160184958 167993583
801792942 833981629
97329943 845306507
155214024 270345609
955067454 970752608
462867115 687483805
165062217 419180786
273100658 442750099
483093316 809560433
490829498 607853649
448266530 772375677
620485046 761571822
140723919 570767699
261316630 384345436
555710391 698778964
840842032 907859518
417512081 542939157
249535001 960614488
311681107 624115549
274507407 367468688
353300592 788146777
406933004 777497232
284965315 798941082
17980597 612009068
479891793 957401624
865517640 984003902
347659024 590269859
79426846 166139576
635884455 691547797
472084085 959017252
565264918 963330943
60653528 367356365
625158730 996266314
496261919 616666955
696439058 814461584
663634214 664158472
615961087 657299726
985938972 989155918
512983558 514674761
676565776 985927584
781566051 818111958
464043185 563450789
649602383 922678713
84674311 911850959
874913391 941822985
425536533 925998385
179424214 191184939
335908073 894286127
471580389 782848053
755007214 999078623
17181796 815508142
160736593 862740339
155081644 489672731
68638830 501907661
708809477 912217619
51244932 189895431
55017238 649106180
582450298 994424125
828040041 886644191
531127213 722770719
798600747 944551867
170328580 892474120
656895104 827241867
329294787 421078066
302525042 983881643
242601823 531401644
832896266 957449438
71064019 268061048
280152155 810504444
974687681 989084343
250961278 860964922
191889790 689682784
263794337 264550113
148610639 513338481
426375359 976819971
965599239 977935309
194110216 965666747
107549835 839714376
550088468 739952682
137707017 809171992
913324208 982030288
596513540 601789185
944255073 956024630
422732880 709221569
79102923 383351685
23775696 876816951
788162161 897631338
903750741 944624286
937587481 958631692
217711993 856446970
969622403 993895712
961429098 973844560
430380008 772668371
598708338 895867399
268613991 655875178
579055625 759571900
307325970 361353450
166224516 318861214
624212564 662656825
845003030 928636078
865679979 951879255
371967438 832883623
291336066 324420497
574916972 732174049
61199793 792415859
806096751 854212297
553906988 821995490
208697243 392841486
986665586 988867397
121918019 784118004
346365260 384306002
746571870 868260035
114984524 983581947
456738566 576280333
774920199 955004616
72697401 287388397
141333982 944666461
99749851 523393557
378283815 442309526
471277344 784043219
62989930 94242787
110082372 926515546
22129963 48771665
333708087 997364111
548334829 725746781
88437409 395267909
119576975 332279993
451893314 478327904
394428247 592226754
990308563 991412296
170026971 405171141
285744923 350446491
228582346 975300101
828905866 880380243
861886069 954805296
774056070 983044208
199035040 642625387
887262563 905230577
120514509 501763554
654637456 706054032
515895060 580505559
563770885 582852480
737210065 831110883
594567680 651771325
32097366 386801428
829302737 924373119
440532066 628600096
264392767 683049484
980593387 993205847
520570544 722445271
285989036 326403046
14291452 664083363
257075220 427299926
155676376 385118858
38589563 371870134
979651044 984904416
597588150 846901586
881396953 977875241
837374473 965920115
317313103 436992802
143136081 165469195
199259305 220683496
280321708 705753492
794595473 955996493
328132664 653133018
247981627 532293489
755777029 770367151
37096601 582267874
265349300 739522318
245245209 937430571
328513932 968257570
282444592 682440358
618751690 718091883
641970451 722740927
160520848 457541979
847379987 993703091
672614634 721634273
270042350 775252885
729993941 876809173
201306881 838094205
235309084 592953044
287125333 844834259
139018247 670976522
482981733 678114963
164915804 798439981
378141629 744853425
950978743 990931544
386294226 466142203
57096772 141200512
34556291 625059442
674158287 829137826
5350241 693052856
28952558 197916207
165857524 777539849
722786949 745046461
419183327 519600388
454506095 584879518
700519670 985591801
136344370 144688689
221343597 946478387
672398158 953642784
309204516 438259562
514056499 760410422
939890980 977417178
460964436 974311845
788349213 789473569
297418525 990535220
948169259 959296699
191961077 752204330
316097904 981415525
602399989 832023603
208533565 217923432
242505821 451321607
725251761 973018864
736909430 795281982
890130598 931775359
494419356 878191793
408729782 889860083
406110730 563099778
280424103 729495841
155476762 482089276
500061947 687580237
436956881 654362304
574577208 782926589
309043915 910631834
292695416 926713887
193852420 791411095
743498881 981477120
443620591 594805258
45916410 654172631
660488766 766497300
285979474 489016509
462110797 477105167
78702899 649754617
325872949 781437764
460939673 807008462
994961923 998492867
710580084 752233752
973027000 981957656
406896517 599188592
121168277 377498129
408357622 988196509
787391303 862920355
292900938 924807211
600860112 828797597
807730593 951985970
924352329 995133513
344373404 977121983
731175271 978875579
47030984 638747586
528023070 961535864
325267515 680983395
758433720 795904718
653207568 718081415
72467027 875396487
25986763 319962264
240605772 728576609
974406104 976200842
244076968 988794556
134415372 648760637
707074842 807944810
651849585 784412776
817362759 988787675
574973260 871521164
967434594 978570134
1162114 188913243
368947001 479879305
84433579 586440127
127259558 929894286
125103386 685208082
725448220 820397798
84583526 644105701
351787631 866841198
682807584 691445910
61740897 553613088
368354557 766382062
768636531 888085854
688714215 988567875
996860432 998551377
859748962 941924585
650524616 862828516
866048229 939362680
325355828 947684543
183857078 446646125
93710371 264251131
498768972 833885499
731394311 847662114
340102209 644136953
71464327 483445482
911274831 983324792
404902046 627456435
147930426 670115278
593774151 826303071
736248769 909509924
158721485 425965612
604102416 799847175
957729099 996342017
504780884 920207498
42384970 985379083
578895392 597945254
929769606 985254026
473269757 832509649
445485771 769742792
396040693 570617714
289368185 405662485
136781336 372707724
895853324 951821959
365248758 996897150
575221691 702155348
51405721 846651960
892938976 949694847
858283399 972304552
748127323 797819237
499178485 951606080
100639317 382276941
632356352 989130189
261282878 276922780
785962824 856379538
644427531 982687145
566042239 846132175
126346831 748326804
333301625 618096676
285016220 872437738
675574691 833655201
164934137 630478136
345226796 951906157
935435447 975564239
27431442 180022336
88086526 360374539
695611489 754632144
241725941 945626646
108369687 306436235
96358276 771775743
628196700 998342538
573151121 966246818
763229373 933469974
148608617 455260572
353626151 941111541
478143704 527114504
696166304 849859124
469194878 774867163
36811362 380915912
509426639 892630403
619138670 779011940
928500773 961443196
360860534 799682431
674501526 677499666
836905367 924819179
251468486 883897516
511321355 795596437
103308185 845412962
149989325 402388756
608460351 765766073
428310661 884144003
15013971 835156819
81693012 752320121
940870370 989760858
122672560 577747650
453950217 483397564
56757615 341310378
460727066 877930174
800309700 950953585
319669080 534963936
329084465 854862872
44836807 486683191
870149040 994537096
868713760 934801726
257039860 258447519
828165851 843894079
789920965 812430274
313990259 675387444
991671698 993168156
585992607 664939672
179596229 991814595
630866599 996137809
5686501 287460816
822317682 893215652
207203853 812484590
586846981 751022944
512335012 756077527
964864172 990306979
397753593 613976954
99803059 887986277
947716746 976710423
511311777 890033815
84640119 398006905
221211377 889446161
935476308 961046203
517533179 611039840
364343789 595009729
279006420 364699460
239144679 733923151
973250838 983648864
932389842 974042089
789842856 971522918
922042408 993509613
201175750 497321940
755756359 856052200
820511221 976243327
705995602 880694976
400869780 929298642
545706794 879017483
882683552 999355994
66765052 162020776
748121089 975154728
821295160 945399255
376389466 526722393
103080257 400326956
10795886 761519799
496326664 924282694
15124074 690034821
324657342 562002600
834318268 909484295
750426015 854932564
103750750 211409979
983965490 993340627
539871846 583837249
228123610 667356471
146512805 379281662
537233161 761247462
708134888 891229332
281761796 372488406
933256609 996990663
313158117 333608212
583821833 697247027
74723398 595053799
776890039 928735242
561545540 917612652
892090379 995384277
377807136 710457755
698576317 808779802
755032461 873016756
321862566 410021862
631875830 802670428
519171148 827077614
578473995 595546860
424712669 471769659
554892539 577531521
110324476 110637607
544515312 858033798
461418446 467267334
23707156 79120307
184187447 346739831
604828567 731201941
587890579 590543927
404768293 417449515
393129101 621570685
9194912 818435268
9006820 550181301
571908119 868842319
229809491 477569179
480003980 481013020
273110235 611460419
551885315 886874962
591060634 630431370
271720489 293247453
52762506 307678784
710204982 924727261
46617522 766366741
908686681 987011276
330942349 340324607
10898495 225839936
463777887 868964711
899967049 955969062
669557931 812703248
917217601 930316261
6981131 686351916
990104985 994532163
360218710 759202210
134764744 848241787
382721984 812486168
162966245 877601577
748147066 993910374
187515244 481800406
390715870 584225007
104296361 970328179
140827299 368688776
496848894 781113068
95476849 624516174
612223751 779236267
600119742 661419265
798040774 865106647
87716290 476598105
77523759 213014894
265603989 914024760
429914206 964827227
939563207 995234243
104452117 994218610
754181813 907921102
810577955 925787382
837730529 843306998
232415708 636474573
42170518 537670942
399664501 518829772
725563774 925817497
482773127 730019794
784527652 816650655
998817692 998962503
80333319 98172420
603962075 791330618
692855017 951148418
324459638 912026482
183061186 566508524
213506470 623593576
735089473 839813545
180234042 775463054
814976001 865961296
615927262 827371426
909362739 953440897
890250465 954740758
520096150 808955662
221090373 279576199
265334456 579544877
410614222 655157110
629008918 933406898
700969771 892879736
383490530 494734645
798279800 840122655
24193473 312584874
236536743 366287959
112133965 233806783
888242957 901602600
710913683 979913582
489630821 973185491
709764155 851260426
885529295 982781962
609785819 723290320
628809195 945211304
266676306 746196062
794061594 906132932
423396063 640816583
751849912 939920110
357615440 935098365
464850752 511341455
965458715 973276671
135245612 943459747
408408536 806161067
315462362 521138370
735039124 789518570
884280947 896160508
62065479 841255377
763510406 983210628
604522380 730019070
370821728 866721975
113911540 448576708
662521066 898669161
190586108 609425676
615588929 693772882
328110272 398509435
644273620 953480962
527470611 953537161
527116087 747340413
78955122 864989981
947533190 964005255
480636788 921096749
883365742 994034379
259348198 598580717
94680543 384785598
368021204 868877775
742176448 962034962
913365370 913586870
728929330 876269941
606653324 893384337
25694205 600991316
383059035 557862680
86506740 945227607
212168764 385763765
781475617 808288419
860060224 937543873
635340565 987970877
262708154 716473754
455987479 666632932
990338409 994754950
849169900 966451428
694338552 695793131
801036240 988805043
321952943 631032581
121401838 705319354
493808129 835311344
549922347 844201722
567934780 732284548
884377905 922050527
488249193 626818403
204337523 763376284
802822632 923343059
516654376 675727187
828997520 902956938
544315263 651433918
399797934 851814116
216319968 363580001
793481795 977542126
927376839 927769196
14803297 297873650
169613935 895587916
951756363 986127548
531638690 943792171
258518295 527788524
773148794 776075720
352799820 573040924
487019454 719536777
711923707 867097558
518284881 860195950
546007206 977243972
292247562 515837263
744047775 764814114
996484657 999469234
702152550 950756045
778152641 868551795
535617492 653039435
551059929 947901014
840876471 985894743
236923764 632770575
395952310 513266516
241944467 818550664
46043197 124816873
108950655 361159083
798233223 887803196
103331634 692197187
297391321 839650298
323792381 331342027
970212187 970692343
107036622 550918821
921566700 982590391
93458174 380637873
887176830 903813991
144495457 651752955
326788546 542764671
743461921 897571854
398581252 706260864
958709999 980971051
992140759 992413460
601712665 705663749
363276848 499606247
46595872 414420017
678025179 911598584
743869169 819329706
13762816 53472489
989837662 996466369
572595944 955239534
189137812 923672512
348874716 521519386
424947186 520404617
580891434 879268550
541894328 658269963
884590921 938066991
167725590 209642940
858385944 901532185
919359645 991477120
928785120 942096281
533388230 866473454
438954578 573622952
508007809 823308078
343179981 664039172
560491264 970698353
627494136 695331183
803804822 987636989
200586658 760484918
908913286 944268140
852280071 892485264
707554809 863180169
875844901 935687548
403754561 816296188
844311150 879892264
838249712 844683341
871061249 884209682
202062815 334549788
211460680 933558741
476420989 682169727
108238181 635872560
894676306 946475436
248396300 363470932
74773879 343850467
966525327 975731221
204866778 288967363
902446807 952540654
685175014 803032920
174926821 883157787
703357943 960476638
431370441 953960487
793036665 793247963
533022900 613869989
805676597 810778840
76001101 931741916
39625821 281678558
384018738 633179179
225952191 419283663
118405418 275064357
579292737 745439471
628446257 903096273
429711687 629920133
429274616 767320695
580318778 767235637
267343107 432681328
472864637 875743232
316511022 450750099
48661254 491533920
45148916 807760914
614422786 665589123
661877445 928816431
68878585 487172699
580697242 950883951
409318929 978292488
191032020 521325277
403214483 479098575
425595477 489783274
415762451 596186199
808943766 852164479
521274029 703653304
614355052 878877091
536953859 538146604
300789490 626071917
57352037 453267268
795136027 901858326
424539681 863350143
267118729 616928340
414099222 883717697
839852746 884212579
655093083 746875527
766072076 976295138
662629724 992809443
366663944 518837597
193868000 602031017
746689905 886655271
73747186 720182680
634487829 999411007
920579690 990723585
517698645 757778054
171651595 376231449
805691328 956978881
623656614 992061010
559501852 796772561
119854121 614585101
5404113 435041687
367450305 678708614
707406016 959573765
487517908 971249845
130280966 463181682
523353407 561733250
151661830 916263680
280142595 699258115
931171782 982248722
442842358 936292951
948099405 957266207
887929938 994665329
683418157 824723167
523727727 742807675
647902138 863293777
103508066 269230385
223098220 897431373
169899293 805164690
430123539 631320405
285708782 979232317
795240876 879859489
844281577 925899405
148000965 481532874
91816609 329147517
598944832 817444975
802597846 920015222
682198748 987777721
187624664 262832109
480401690 562913081
360501281 909722886
610210009 717116498
535754055 984920661
971787700 976350242
610311700 644201134
107982796 646378024
604839887 976675670
662862228 943573715
789382926 792073070
697144899 810701868
517664051 842560029
550021826 636930629
456401330 931913517
850854380 952285069
521870983 823636236
655778631 716982729
896031906 974112133
250930030 888807670
390045876 792492086
180891331 438801222
360488962 666707510
958133610 961308176
395800302 529594873
420804662 467462724
728616543 848997996
859765000 915899250
797815768 921191893
258768640 587303702
253021222 258452969
640610407 898019822
507692758 905355275
226087038 389394761
173452454 211269792
444299031 946726357
104793870 158649444
917627291 966976085
877912370 967847032
160286161 187389997
812379820 821132628
404944534 673229984
648453088 783055936
692333464 979094745
89158299 147179876
273503995 904677411
947322381 964993711
396102686 411222796
780985869 896840177
568388132 607830744
116959532 568762162
741603625 932083897
78959736 218205525
690540984 922342362
19004997 516190982
526196417 721123202
945954316 960099642
80289646 892985904
831726754 881074857
771689298 775064955
815918486 855073930
501593045 619548035
389204688 662562903
451630707 674339916
504754743 933638965
261023109 620300728
670259192 770822816
654287604 717651968
921590178 989825594
149180664 947713997
812627408 886699036
459845924 531314831
32664394 280954711
100998594 672841259
970601388 991148085
842573044 850531806
661946387 810084214
958185072 992951513
131562806 201840335
197931760 705436700
758394403 925489550
761990368 937547425
431987191 809452507
380011205 584001245
896704193 979691375
762446428 973088614
916406098 938979676
695737222 899204687
393353405 991308190
362097903 421611571
227522224 283847221
401294340 899177478
528318535 696284782
894536891 997374803
200133292 492780324
291735114 308301693
503602139 707217879
615628451 854088239
98188654 973903463
877847731 885578621
686977391 986924808
889393124 989602428
626443212 868078183
384391316 581674081
769948321 827370756
259231775 976570071
734392968 910348764
476039894 722018407
219026624 574671335
281051779 625578495
445384364 948107071
434412441 614581384
676584823 680552037
903098529 966361745
340348011 460725486
560871064 688328947
763705076 965129882
808335817 815356514
356208398 690851548
347102733 570343736
936128005 963512426
200458856 818262045
71548231 597942544
455389212 487829878
694497332 816111899
154173486 232159413
545306926 735079461
374872207 922376227
223374534 733000841
745699928 918676842
414062026 834592085
160118571 372490136
325692760 925820901
534388035 697308677
539669774 600580960
569806015 817287825
681348423 867513486
656221229 882959305
990606136 995230658
747473240 789574337
472183402 904498645
962809858 994233415
758776961 801069935
191646560 442792822
143472011 575955101
566087262 921656890
407937104 830723514
965961989 975274813
205944743 395120458
800801633 926824048
917431634 931026977
136560175 740023623
870740575 914207632
318756484 475134432
630190025 919902726
132908447 197180234
938422266 963481397
361612944 765982380
672513496 724274194
275002222 777859137
300319918 848328961
779043472 861154484
436722299 821643608
506865927 680185959
26019709 113229067
49981500 687908566
76966964 121226048
797046539 991290050
222946524 905554059
359117586 898600852
277422365 670583198
676071630 870560261
657510886 960363020
473576488 507918135
809517785 913958316
600780629 831816196
441326244 677432045
62647336 329058087
331622861 836634731
149329817 209502642
213393125 480006423
791227836 924727979
912601840 969909527
374349619 389420466
660196592 943556621
493972433 675351335
493347516 904060834
239786593 677612224
954818651 990478500
266089105 802034422
373689633 893521099
272144229 903583156
140574561 462018078
350598609 366031734
666538322 817002549
825141359 877002540
808862146 994409341
714298978 991654219
611380171 944997331
901306308 947707690
660223884 943403753
483024216 581870422
585275747 673275476
252365811 992514339
891940330 909074191
528095082 699281353
773986417 985409835
788177200 977140443
689238583 994002620
154655375 740661836
486416929 590119634
830078597 905784379
63314017 948030363
358375936 735748511
399766315 566719700
102506582 304150664
976789911 982484885
139672426 998425156
793957491 827924040
696355426 889007376
458209528 815737358
471791771 770400674
942931843 951853548
558805541 627748874
978533184 984148498
125869287 321472715
300360073 437891097
692913112 764878850
338691738 443204750
759994996 889845095
27384454 856180555
262710641 336114649
323705318 361061326
386027210 448093308
208994646 943471572
865352884 891975180
666020521 814603789
818963754 832909696
720330961 763478074
816279865 949797801
596255931 643712288
469927846 784626997
628944026 856287050
883319648 913655381
757451219 898997963
945801536 951709255
573972072 729938952
538187478 781365763
311685967 381923751
600682936 925967955
702550901 822510972
626378839 993046501
511331682 617295808
350414073 654174972
662663956 997860408
338397668 840180424
349337381 746709477
734942659 810393468
278525690 937617178
857977402 973519807
423591435 959817361
434011251 451648252
872430318 965778057
371647864 855600063
835919681 901181640
120924186 975594573
872887655 974930559
753230344 978991006
352765069 959901552
637013760 699159431
107709059 794003027
919155140 928353717
988765556 990587023
486701460 713408760
282344610 320687280
632261386 848990195
320100258 576226943
600898613 948870573
706633329 971363334
628303756 744094256
601613050 827145282
288891779 999745638
258621790 634279176
318533384 732557390
488392812 718379400
546191473 652384538
409723258 550890391
823141012 994562659
29869211 100998594
489267078 715960695
302608662 616988661
492561627 917486215
396037738 966244463
868778610 995548166
404812050 662190493
807935111 935258091
927530115 948450743
320979345 417594353
896015942 960748738
701516158 815325289
788791780 940943238
356863466 772924695
745914777 989787647
360556283 991031633
75879605 293149200
966621278 994277696
185986704 897984040
25771156 914437513
935819723 942180993
967748650 992447405
924749952 979889231
849281548 888302349
11046203 623472559
114230208 185252581
58945727 637079112
531412038 851194918
447938806 852957711
523949929 951955569
413328481 702373864
654848427 865644881
211175928 421681334
117406101 199308402
30339748 553918335
572146022 944254638
63567544 907204853
545798515 877662793
983407378 994813155
228992217 297320967
899998292 955569207
772936075 914687486
933536533 964553948
42711480 411735649
255859848 387347920
870909465 904492075
304036316 577975064
388862145 410505065
135237976 819930329
238712125 965621022
295673913 740851566
388516705 500648486
18514842 834120148
683823169 907661226
950878178 957854377
728892188 908220970
441396432 871671296
525244182 659101245
923636411 940112021
129197227 322631409
992380017 995776674
290576172 619611804
157871923 302929202
490507484 994965442
711194943 810426902
78842673 552640657
493251188 915153568
251227818 345591814
116612419 559147060
608834452 935523857
64935217 928632800
514382583 905982620
742919164 910543668
423392636 677392063
350641531 852238409
882469278 892693129
422747643 564903278
615339918 974166374
395597441 647341971
117328476 485085966
70058343 784091229
415512082 815497518
878485170 921106940
601655927 853555910
575947258 668241330
744593396 759871422
570580642 581311763
705063998 732818497
176257104 794695356
154087066 589438394
9677591 878202336
48746744 87225287
702091874 798643090
961101042 970368033
350041405 892635731
820218766 950535748
196288542 328655173
182243750 501887980
562519657 967183206
6391047 694166087
275661704 661643771
847676930 982544663
158466468 951350484
816694212 852595344
501821952 856204937
867333949 910327495
541542642 661363649
34975403 336313897
775836273 922056235
574523560 675357664
570798230 580109562
332788856 680647758
170987782 206831185
368020413 734969711
963027851 973368832
949486750 979929551
526265645 584468095
231931201 614918156
497660000 616498658
627872808 709263506
918387164 971837366
60819191 314788219
637635473 720452561
976958920 995947695
486034465 626510236
992043507 996308117
623264934 801098906
238886073 646560723
774787643 802232975
683136337 974522042
110558907 661222330
60061615 97698809
411704911 619276102
461585883 643746300
908837929 920242894
612232406 738620050
210582709 451841373
724655330 996622536
422878383 431068769
643340618 761909414
467380387 998448840
824978543 868455673
876941469 943816421
264415975 658172183
369884387 387012960
529890956 847699374
201079810 642465338
251551633 757185783
713739726 962568025
321341075 895024683
991587517 992348935
528397159 896023890
662139079 799321235
524079834 551350024
669319498 711174712
591898068 971918327
335050237 402822848
253911184 357318074
633895151 786322578
959012351 961525698
904775635 968329663
918582008 952748792
210106516 490416941
821657381 960729681
876557223 921133896
758490981 950865653
40794494 606288831
431812984 449495648
872446694 882878125
665787986 793401043
44616506 523013505
659811653 760752892
791651270 985996006
247467802 394523728
21238799 847810766
629892668 803403577
337837176 499307158
320656402 557425727
402548935 437785957
873490680 913806875
403679791 652396006
313830415 861943959
590950339 775569383
391544117 835176602
408493872 995359765
751999655 784002860
399055448 548027328
677479346 679922707
551198687 990518189
733942750 789994511
236512463 405153656
928406407 969579367
386503818 809925421
719890136 791904972
780511572 787715770
667229776 974461468
62749815 894362836
186195335 674494715
698808426 948207570
680213857 992979054
118393315 388915338
899747450 921196334
703573827 789681112
197357964 228611113
848482029 892168957
158340205 214964918
694008263 766940851
6095786 709981927
445846866 493829334
331887531 988113715
543794093 891904979
931888443 986833772
341375078 620455091
136083080 494213652
56988042 602945179
889108174 937849677
532165231 659453625
256753589 369997747
910208290 920174261
239748766 442059092
944404182 975733199
867850042 970014145
829798145 959709224
498190816 786405574
923072426 971959135
969686255 976344537
52693530 501452706
543003796 676459082
224148436 368463181
442436962 647310913
529909200 594513961
366212547 960517603
209613324 749680516
566207848 925144683
197265321 431608334
412946180 581699096
73079831 977920039
691480541 841352579
622248060 841394019
703509317 889323747
921916803 951525497
493247579 897227350
205576218 512182123
723426288 964424420
660908630 963287117
225690869 784760783
409822889 793866984
777099349 875263610
363495425 415606210
196955078 395619276
958879521 991451462
926338078 959781003
10005237 353514691
31284096 582436430
198314375 241714048
112136355 451563944
355563589 567780208
159465399 460729868
889929563 984147602
762405941 893259518
827815412 974700746
926943468 932352475
901577898 999095126
553422767 980153102
338957224 552705982
827366984 964717830
9412264 408454964
319300217 416792468
997331356 997536585
502900480 883040592
117853987 416274233
368503101 819334829
163456424 747056781
303079143 481340399
383915022 568374357
119868479 430502089
444081683 825300299
127921365 755727860
230075127 300567859
705779096 936169803
618704636 644289472
182249367 793423968
791962055 935416207
685648188 828013568
867669428 915671267
943074986 994499680
266646650 744493249
171865723 600666652
298572675 999862207
906767858 948008898
865298969 998556618
392913766 704806357
944227471 976852721
562795741 653458888
712026584 764514393
816718930 898997402
562402624 772261961
916055528 954290591
118802581 719715339
607251207 710197770
718298415 901376381
112763728 588994105
124935259 794462889
770538314 883724151
239613970 467427070
309741884 655618417
554391794 887138138
31880726 506700408
294027934 686230418
278310671 892417167
346522959 717736519
83766102 949997386
224835978 663817131
230800433 616011839
170424210 997623656
39178089 978749689
292616038 612513402
631416086 723666440
922061210 968083486
892263495 948194686
938003640 946142888
696982553 982649188
536162060 572376779
604716360 985944311
143932320 348039968
380433521 553397261
501278965 561417458
204844056 433690601
373937390 681290425
896994178 969111063
841940752 957140976
827028760 992787419
447822874 712847603
736746011 780946540
320676976 374346638
556623690 752513132
62969849 539023280
717637029 920030603
251768029 890072597
26113300 270711636
41162171 400633213
57089016 198020853
685143538 989704739
184922960 331350613
79922994 140510037
82308688 854440546
410649559 763731826
653288711 964783236
370461397 477033314
996999393 998377446
749878798 905120411
234549144 982102899
113784016 280637438
275823534 832503799
572017982 711763920
132246258 570497381
662400710 710905491
969665944 997006160
810503124 824482803
436002993 814911606
428049112 633232437
8978717 623189546
679878593 897456749
91439384 719576726
510340606 876599516
682445935 913605594
288232025 840221802
689410226 763832670
312795918 771270972
755776169 945838333
358481887 957056402
127421205 554502768
178067850 409042306
548005807 921706394
467370866 718575215
90048634 594881583
620137868 901436732
540514756 946894300
354695664 444830754
261299954 408649382
853869322 967713934
464256738 602474742
903008403 947951395
177664191 679975678
661923150 844364203
683731263 824895832
848732795 986545174
812861439 851166580
989450943 994627671
162982616 909945296
989546346 990123296
666566492 710745689
800517077 825739844
406369870 486880921
911285639 947849821
402892529 876945304
950592558 995325568
593709585 918200348
536160903 585272244
776225013 842741318
886250494 895894016
680851831 960713334
645644389 955613136
862210231 983018940
749738628 902610212
752345798 927257044
92837240 620787819
663198335 853251599
945675496 972191271
740751023 957574250
869247095 927729774
578719942 932775465
111192605 707286283
714061668 943226966
345273211 688718155
300825382 912953035
802029488 827884122
342088359 437928641
811204256 827507853
618659338 645529064
582469099 815836750
955637216 963344434
27103452 977492409
149115007 755326263
986313154 998768283
681067484 890562317
582181289 867315359
481323912 978240393
269870902 681734413
105122025 198131997
284775052 740480027
504787299 677421599
318529124 752003801
258695368 531613961
941069708 978608904
173462462 727237264
549459245 952707411
673151382 688856351
155495427 935408194
71310640 801245433
657350806 711265698
638906505 876061348
450888116 460273496
184558720 828435937
433332548 860160861
788531324 843442283
718249472 918641474
336714193 486364088
191103445 381852285
908410987 944776221
362408179 466513842
944473627 994138469
203103590 324220166
289681321 896298407
726139097 759319109
342147236 472253488
523203127 531583338
896100438 897340752
185469269 315877948
292302238 928405547
58703146 101983048
143301660 255466125
412969017 513779691
601688661 647019149
103019791 249064159
42328832 203589865
251783395 987176038
14445039 554388070
165383676 837461379
579871417 785170257
285684639 823804516
329377791 812365035
983449883 997650712
777161490 945687725
833101059 849136940
676094074 925070252
290208807 727898505
701751931 868775335
612755249 713716133
331884766 712284945
512811811 932094073
895395398 906100320
368435358 576733230
861249888 978631500
657331466 700729795
873620528 991489549
539770374 766722079
699069978 979835381
939913248 963413014
731386542 958464162
382966380 902531716
21861009 493593268
111677820 892309894
518363947 662360464
949650534 967684052
686918811 807621452
133976006 813843431
988328411 994361226
77480249 691822025
930635610 965423283
462731680 947324930
703556427 873537306
820647042 912736620
158022115 368168744
630101906 921126592
214772385 767637155
101971980 526737905
758261918 815252656
614817015 642479378
576698739 906146205
163337018 604641412
864668871 893727950
716176134 998161569
322347408 465963614
882259827 965661802
778410833 863986272
2022132 262263806
379384958 958356561
650299065 995201078
267630022 552437439
482072485 871539774
187745663 629273210
86629165 840744863
436116568 986186110
902546237 923695998
684418835 877017104
612368347 779050586
897586698 953889443
788708837 797109788
944978876 955155671
106695663 677927584
801414611 864233906
129360520 618032298
882129397 970995792
550358991 917808223
371581735 411492648
23224254 668458675
297226644 474237546
13464573 457012359
288143112 859572078
680699326 920468037
195432635 882327322
228845450 671871326
188860897 772142375
227220392 587928087
57028778 357413878
710059318 957336663
630808281 635970599
616906451 791668774
288208366 297552930
715227648 719685201
916198385 935946574
687860965 877907349
203895535 226487666
940608686 972129338
937018321 995117075
478325764 777555258
907555372 993423171
138226171 428105279
765169334 815371858
965517229 973217773
660740210 988227851
522234495 737557327
280302953 309626168
947077170 967545526
738981194 941893610
293866888 932403180
95281437 310318241
824482080 992028377
523365102 694151962
115777693 833598131
597236258 826469104
705119121 730569599
25838035 615770582
901626937 946659288
782113695 985471544
995975495 995986695
796247718 967826885
849634832 952659150
394824394 957558571
579608532 778228519
673283218 993765554
914550722 921757760
351972155 904707310
513446444 722105135
467566780 486420198
548783881 680262143
760072718 916056153
44816474 369496296
833788842 846689413
760933019 844052743
572803374 928589525
188994054 346311600
713794682 796377277
535439251 748960887
261230296 500567549
658524294 892748511
655347595 745073515
507638091 929599997
3869238 972691597
110513208 566926524
104850269 991320204
325628178 564776954
892117981 946011996
937244972 989817878
738771250 768155665
617581821 692627495
622423327 726207407
411710199 553030603
673171536 858568510
39800730 532251275
436867497 758461225
397637230 767626716
2126003 622808233
428174249 498408615
547099850 939943574
33655843 168222375
624626899 996511297
42758168 732653828
960958719 962315970
240277584 742150575
885263244 943492119
987144759 999361434
845187672 890787713
431679321 665079022
433235478 924921759
558193511 727316301
833222954 902027930
359079621 587526906
696109957 885744405
929284794 981724233
512358396 590124596
70824883 932446227
186439543 390503850
667590754 927467175
189328513 936433184
676232768 882822731
233492643 992018137
323094977 889254418
433270316 715911650
300262963 404303198
122680203 521647864
695511207 781926410
405666769 710733268
423629045 624894000
347025260 378531342
810854329 838450114
239820433 852465170
742511933 984940816
140479589 930910678
5994664 807628549
197249352 502183326
236935740 991354520
502471644 793918521
672764491 820879705
601730782 695361734
467830866 577083409
10393173 692707231
3906898 905921855
171222889 798501750
357238770 898219610
63507633 397066037
29427926 767042163
935688787 943394955
718085614 807668598
892378048 970807671
954379022 991807339
788918070 943660239
47229800 62443402
411662845 902618843
611203156 751295565
105993023 222623743
693125732 715620026
44233656 661937696
994098309 998449460
79124158 425213028
58492245 965766052
231338328 820922169
564578718 731129817
271333299 715910723
619252282 965198122
600972586 693455138
919599693 962954056
871905798 965570105
188886042 781001418
547568734 817788620
694949780 921640389
920077064 986910155
44347494 488330496
523312585 852887827
648757842 776714155
709282861 877243823
746583438 988940880
510901547 541431511
58856343 714074175
227220315 329401436
366273912 692487710
337490930 742393077
547614938 783937103
479240794 634804597
964664398 990277849
214347069 843047173
594366335 789763251
885272316 921414324
278660643 625856591
396968189 525164636
504362774 737184384
163652442 197992191
700497171 950512927
748903715 959070846
833556751 988630128
767523138 957361026
301305906 649690372
346954271 721576346
441821042 873724553
685293802 774561952
677836763 839554105
750018085 857596313
501559773 991345085
917827502 997719886
953964193 964461023
595582496 984379305
905251056 961543347
933510745 979343263
227653384 290698088
178534081 775131218
96704721 770431471
693258825 975145871
724976249 798446071
70861048 960934237
824223636 979865675
95771699 984972236
863027851 960486596
270569667 378659531
466068489 654396987
815378201 942207945
949007080 962288293
115870404 501751287
552058829 954935050
392791276 535539591
120144114 265854953
830690187 912949973
592028785 929756523
480666297 916648105
203284180 363223299
727941775 941737655
456327873 964837518
516513232 865119386
810396895 933749781
780424312 986221578
247232068 961191737
404080425 652856692
350900444 555084384
90998909 902033642
806141287 848033395
566827121 621446569
516035380 869510858
162647501 468067049
793982473 905893988
800029694 944878833
141637289 864435196
649070766 683165613
616595131 732849175
581518107 921999098
140499167 410323396
384518015 760724581
784899250 988148722
466527844 497135291
827132937 972244073
954708989 992283897
638517739 973962494
369045712 913290927
908147109 996700997
449044356 762413129
837205162 999772925
946802314 985361801
115008882 845840130
275782178 573922974
495564466 723713362
522421636 609489144
354076843 702920011
846202370 979545409
857266050 954522581
145504051 533394621
589795788 909886913
927262800 977265659
759406383 960335485
604900494 813192055
777462046 809562661
664650441 926636890
830534466 996779185
22744624 962068923
141713925 558821489
236580680 802766111
288273575 897453740
588041644 682655034
189977502 721029746
407498835 886282338
917771458 965629567
953943166 975224398
122808976 147802183
929476097 947456364
858978220 941589570
353825059 615511908
645692257 799413337
424398939 469879905
631189846 956473278
198178411 474306729
431979622 829622088
152939648 972868545
49744532 924018882
774785470 915873228
753752323 984179836
964135283 976819106
993856177 998215998
958335861 970488949
927011849 964996629
240872467 922897136
639839238 940659123
974899625 992534291
234160919 550391909
787213201 949190321
182691828 557042555
891614536 969225357
486690296 679188419
777226041 858973444
370398278 866998498
603377115 727017088
66237819 506452951
73355778 268755944
146222829 231448319
539994749 752463054
331611192 984806652
909631520 932864923
273691970 823120880
200789817 977211835
776445632 903991078
990938367 999316977
872639738 976606537
435103475 449468006
867700850 873031922
455579951 872879754
740823091 767055766
929702855 967068350
509395992 527068273
581387727 713834258
6686902 11545596
110046205 370228775
803744384 922295114
660047061 850274913
278134694 574456561
622575257 836991929
553937004 768515999
69144751 420851961
479176762 602034896
960449733 990551291
230901574 434419233
920156554 973225107
233767655 346376724
984631042 994153232
831227498 933016931
222467206 752038370
996904629 999693762
874407012 875758139
2970200 483409827
792296709 983867510
565808240 837193582
332573153 665578283
34685951 395522690
179043296 212360995
499792885 985500257
19479941 314547156
187498478 243662085
769932452 951109021
693333861 975315413
329399738 924149058
355229098 722235895
833488613 939041505
545003630 863295290
967913087 972944101
519419103 924511477
447631204 673595857
247999361 832763827
333865583 800443365
902420867 918704414
592779014 942095416
704136244 974691400
222759572 842312644
857354538 887944747
100097277 415716126
860284433 933016455
461057315 509326054
590504127 703565485
779048402 797385058
619513192 974089914
96974659 189584581
161544956 659621961
828523737 867735246
814164979 919118954
75190278 305265348
300050693 518180647
326630595 753553869
135855598 618510434
674633898 736027201
539351439 986817084
468610703 807652357
903777620 992289589
264413880 939753371
691931836 947704545
901313583 978383342
217018827 741158619
16407169 263282365
617488527 751972291
394945507 688375413
649166357 854994867
252744412 495672243
597089846 652340715
566035799 723082632
408280195 982818810
828173647 862997398
12028205 444524245
478912863 985809288
305056010 585798658
36150764 873273351
78821242 517315937
240808469 883766706
502034168 604482149
803569484 883011793
31176916 538000613
769912908 986858760
256107947 309151375
413085825 660039063
773492845 943006831
144070930 167486402
434609715 982086186
143844282 995177688
587241761 717589099
922647960 933519793
971860215 991653152
446429554 494571402
875350819 917735268
875767168 984896461
402748883 699938711
511089571 971733366
566596115 764902385
687432123 948958854
137348644 161230683
883403916 893682390
389175685 981105459
408852803 561865674
391992439 517706178
552827813 807804004
388151113 713826963
903826648 994994146
551258921 636957402
24899272 415278390
241203365 738374620
242760767 709245261
171184062 352317035
15610746 436886085
928523681 995580969
842913162 967913957
667806727 676789817
600803885 757845439
372214833 825957323
81949786 373641611
13197180 747146076
4940152 955396624
701116308 836261034
244529939 577573747
529480787 850399914
294030052 906617146
585147519 646828965
612440410 673368019
803941996 893481725
896911658 985089546
762541563 833323828
551039621 660762886
522180219 761064604
172386031 756648713
772370134 928567020
607194560 977477536
61565528 686685825
977065667 992541352
232955438 556992185
509707364 883045040
87287824 738292999
246173980 317744243
605173807 852921572
704062811 794301044
708329305 747233567
126727520 352534396
752833136 805190076
334618899 595093909
491341207 596669370
521546678 584272911
58077988 265874763
614932561 883086516
321372778 348117667
776164989 911373773
284711822 784846151
91291372 390095413
196582574 409356959
53629312 684263835
6664904 19086046
192150446 241791747
52626498 901940260
694844367 813726441
978106467 991829042
652808781 853794901
819092630 956138689
186292298 680841197
780755935 842037339
851909043 927556340
24690139 940685553
905182326 987107860
72588025 200826692
250935836 352909289
496960689 921866008
671292211 978566262
170814592 524381505
265493368 639391532
18023347 882903015
701204211 921479347
510029368 731523565
73993049 316775789
225241411 238272405
394079465 636830700
143360596 540337325
934288406 959163570
659000984 870796317
442535148 594560598
239731052 406445400
979441978 998880933
676810314 900414231
312367722 611538473
235887913 676511687
958924031 986499523
181150471 387238833
610276520 908761454
290883340 827008472
252772571 861191324
417518782 492727695
196444882 618840141
247243797 371735291
443266878 543603264
866751740 887268220
525447097 661611616
252275845 455015592
600356734 793302859
304369596 542440187
470007957 762171532
549739449 820908436
806446968 963886917
69852132 81284103
553198920 574395117
365281439 781096717
821444520 841295800
977541021 985874089
223240359 507077927
622222486 623210470
362208539 767127576
734467642 940264256
782031350 794770064
960512850 984097884
241459723 248749184
960274990 977269809
230417974 996057747
788417838 989844731
102360780 648687818
686864302 963032844
323046057 717154560
62851690 447390578
220774529 886536414
567376910 785310952
979036585 997219756
68939533 406669969
455863683 735384156
460749576 490605173
834361856 970443113
689716031 827903405
59708023 494186782
356985962 868082417
503411499 802801708
186740195 285919231
27713438 655672618
122732944 657442262
525066244 835517815
712649334 713831578
973534312 983250186
121388937 147233917
419710698 525551481
876750890 912982935
601337126 984963730
960427691 980258159
840612597 919588482
871804581 931402376
969700737 979720044
954660344 971834304
761977028 801019343
9948119 545513423
237565240 258141642
262793668 276412442
846214899 919416185
553888108 869559699
582268370 856381295
208225680 865114015
540920263 846093564
363750218 984374688
613055463 808444008
403458785 756542715
172166101 680236633
256305367 987908769
297296486 869877793
809232341 814982125
349408072 757473781
176248203 228692091
183544243 308086247
268489462 888962193
324342678 524273362
432037473 720625423
326109419 590422795
124942092 764149764
436082395 831353432
113130081 851650861
338902026 528818733
61451508 513094338
338814936 540882855
177894842 452224719
945452705 953537020
825640608 918216171
724950539 787744447
410157895 594895330
776609462 786874201
224113697 869479877
348140447 355386170
933452163 997020980
326667294 602425561
774608802 884811384
337972345 687027624
819600968 928964332
197613624 423908572
128580321 169526344
177192177 690990237
550104121 821754102
388851766 402146518
814741947 856289152
831863691 834014508
571179256 617239547
146865700 511205795
136132514 319880149
812259602 910037978
556469658 677502930
428707628 900011724
26472104 644431238
278698258 478345566
481194520 940756869
848264132 911982941
837429573 987193012
412929105 595556690
36070975 879309851
328071582 779265874
863569671 908088408
606083660 791144274
441606581 693691992
589578457 718003614
777320180 846141113
226952271 653413342
178645309 491459928
934222941 952026694
743294111 878911128
594637143 688255479
801834771 837612326
948471179 962062126
264721831 537842193
301572727 493415655
143208976 895684211
845652346 879137846
762945788 944657718
1255971 493425618
27573504 752540296
882707519 987858226
211155036 702390298
48834109 576284743
71967168 338888613
353526698 677342827
805406775 934847744
220922118 555129229
891793422 955126290
821946430 844814363
777069229 782586362
50537290 142525952
1177325 829739534
611702450 868666933
566686007 990763099
610041219 747584260
208455004 675173705
673841327 886759560
529891866 778607421
661262714 854515062
719448518 812681923
502936770 579417276
168383175 899982377
853233779 944512226
99472296 493463288
560200981 805868003
203115104 894171355
284307725 608409446
768584696 861572274
371203532 804471025
834258857 947554712
166731879 242817310
442126587 681487322
423390114 965188943
835939735 871103523
536982747 716236192
5577838 578646654
272821848 628566670
929006122 968884123
61252822 766256382
173208827 668963363
422795003 486754027
717986666 779294852
681279367 773986111
276811559 906286691
203283723 949552670
695967012 809422181
499134640 966529737
453663682 489726274
437097828 748271854
669277244 907397085
901583938 954132644
559472115 752160523
557844745 826128869
754013063 949530721
321872184 586271485
236687574 818429714
58917127 691432971
700557003 788318925
653418877 771916151
636604086 657093329
369372509 590483614
25236493 269015796
526259348 777753006
739170982 821049813
231285856 723167065
740722802 899948921
332746271 493324418
797044601 975739009
248506312 445406632
863196193 943554029
311768399 810842553
204782956 700444834
409202682 647830681
742966434 784115290
684312770 977984034
484489000 843412107
277820167 509363599
874855970 955984954
920215943 982437943
313940010 806941701
894691486 958591194
839243962 984215154
718651936 736078866
167181777 182922365
784243182 899217332
459355812 618682667
964522486 992203298
820467344 968099994
417379000 811736712
2572260 657124258
60590890 693000312
548258903 669802106
41095750 994992321
128272965 851269591
714793445 736222956
147191024 194333841
881527204 973197811
710507740 812916053
786509149 792798372
579629841 694388034
411784740 716916333
664387358 709741909
353358621 943867359
359795924 712879141
319267526 393125636
949798813 991797097
931409217 993799819
177205271 975654652
697568531 727606729
500950620 783119006
824167801 850621447
134941927 266391977
399659107 629512542
875743258 928525718
206373393 431459196
354073202 899220351
910384707 947636580
562232294 987989745
631927921 809416574
20331231 112041792
727406880 805273881
185772048 356778483
352713279 793756488
282352064 300536907
759435592 878519946
420439942 669790765
308691677 964634669
12063554 535965258
524678590 713500749
564186803 679874401
577002381 849706140
865899043 892888037
615921129 943683021
367139397 893513924
872795531 990423923
524440856 839188900
242422648 268739834
938461188 954291242
326153849 500855915
742749957 938870173
281365050 718378123
516220057 757068962
341479744 364146746
17519644 85879534
97073845 160780745
364585703 930877338
993207738 999429533
771538294 838078684
733877615 750054382
996802552 999355193
816222822 971366392
917692295 932779142
976504283 994848377
497427101 623071292
649264359 709246542
620845137 830420469
141944958 683232022
943900515 954829806
70759914 266826207
501912274 924361674
528193534 778950739
437088785 883651696
880352480 933233079
641771237 966105101
423814255 615481214
129358566 714423968
286934860 769593161
202824323 273276320
755602062 769891104
307119068 497992277
403994620 469297717
368049402 431435631
787961093 925648045
10747879 885878027
972304451 975131535
311215670 606636144
895848872 905710074
957640761 990372209
389140287 879110344
262261746 337807118
13978999 348567634
84527898 739575546
777436948 877520293
405645821 678485755
690510031 842049357
8306791 254820442
147473983 384147199
520663475 998312872
591731186 788645589
81546414 536815891
654397162 738935030
56853291 297757321
441529966 990768200
267541185 573449541
491187716 506226895
760276382 761383462
257801944 369892765
351200622 711733699
723135800 886473668
814466144 930249503
467585874 991495657
908666422 924532341
646211924 764398933
488864720 818236457
519782403 763670247
472595599 719272892
121039295 576918265
220399043 421918004
223645852 788989387
196301630 648515660
414029122 660626976
831002069 907954083
903068265 935039556
704360519 714927630
802138179 914273260
679106684 779392282
189020656 742602963
370408739 510248241
977298948 989018239
274473035 802356219
281192606 961665396
251093467 291884084
164394331 173106725
947513722 964447701
494151940 918863335
308005031 730047816
908864330 954240553
256596712 409572837
250772748 425394406
87378686 639803232
91443718 612526734
59180214 618791331
167649132 454038409
731890362 781259683
216514382 854117923
101404656 769763272
869343767 892907495
772234444 793286660
556880343 948888072
418856787 713103591
636304740 667280624
971090816 984191562
602457958 775245762
790398985 989992554
832808475 881517656
745398830 954103720
212998193 489247717
964324961 992606707
485207032 509700431
624104326 625244378
637665958 965073923
210493467 716290107
652232005 744487318
773489008 811111228
401505992 550501228
354748431 416658763
822696105 961727054
76284311 836667264
758238331 879179590
841246478 863177326
611167623 932763247
251408891 762161885
952268226 982612578
754507729 798902216
338087624 910056197
936125604 970953849
133115871 431507951
505176654 825056477
131076028 458950379
421458591 988700655
984710106 993602133
814052704 933552426
913091845 926250457
826887875 876537880
991205527 991322506
102261469 785170141
313394941 388224412
998399073 998435365
926098755 934478773
981501219 992438194
461501845 493327365
678630342 915056022
927438181 986019653
685168732 994778622
98680861 742206101
529473180 789865644
243598035 966408068
463846890 648981076
640313112 925425853
466836184 711759640
205108986 888013353
681070311 849363512
44951575 618779245
189666706 515396237
136247990 285954253
107481210 697180734
556150336 910676209
656379051 754743593
763227740 837966062
564150422 847891249
657736736 668791220
885396932 976165248
317094043 932362656
7760903 403481010
329434860 678788914
567457275 952642520
909343130 925749606
915082076 962070058
584069456 792958583
3161613 629810910
204260587 722533035
844585177 872732012
311412875 508360317
625162655 902616244
583468374 886042884
748040695 787688202
250522931 661444489
920603550 958041327
40669478 323660007
88016976 514447479
246523088 459445944
219150733 337346316
196349732 692519970
736441007 749053376
145559279 871105786
448601139 625718603
398776101 455775035
14631689 522924319
845503830 967386324
411623563 627918705
712445157 997109272
276270803 826070475
111867934 683146409
582162905 761315030
33296430 938120167
292201803 605729482
612279104 909776819
753909186 843389948
42490308 976747889
258015769 703889100
759028141 982247138
804485242 915261435
341126718 499864247
139164585 514910388
619016340 772905728
270975085 915035055
118710212 429083877
713206423 864246803
144773490 348170502
903853622 956389997
125612885 569777046
896071213 951475590
798588935 846445533
14013099 107751553
63734363 316151567
118828957 792378086
505253110 567472185
380083512 712674641
287167433 887046438
497390275 504263900
245353376 394564280
914995919 956588295
651135024 978003012
522087222 541222478
262326061 585622199
693610693 974478754
271520777 743218065
471433212 761144090
920307827 970702709
703806695 808152375
236121394 454039013
575170732 764864363
84891931 582420022
380530105 995280188
683846843 826638254
792281116 918086121
410535793 468497097
601387745 689023234
25108297 475256105
550391319 685347598
656001819 704068702
965808228 987052722
683935759 978285942
16860722 35701914
223708324 374972627
941181431 974684680
737437604 929830219
510345406 608633441
178841891 511572912
666667498 681266588
727187944 905277417
123346447 610851480
291781123 569904478
728518324 825183051
573936790 711609838
245083562 771346053
337874377 854893402
672277832 920651787
529865641 669516065
903208358 945429922
946430362 968857861
608656383 896053753
415332251 950667168
84354553 187806179
892673398 957200233
29424918 825467756
151039698 262942901
248810550 353533061
70031607 114241889
683624644 826251538
123937356 655184880
860374211 884113559
603727470 956743246
749801311 813555528
599378782 980331024
615352738 633125914
324304292 806314299
112311687 482692092
615380014 728056210
15290295 136674954
231217974 444889416
476871223 599903467
48679120 565582328
318946056 446599849
93824167 852500364
701013393 971703109
59122121 618007196
158616894 925449420
866294958 898624747
792899162 858691267
950371495 962429798
446904085 503453545
893177789 983029023
666254507 764179066
34693980 437893786
231944326 552529217
246959308 879585675
919652637 938965153
105448558 439524924
968543238 971541188
529809943 990092441
452931472 913071229
146041390 606018364
968347939 971287216
659014251 775122370
783141339 809537281
734788244 744256281
716537699 809319903
364179649 380245432
513755664 878302490
503369886 622156465
212487886 416331969
19679691 89171156
236313236 827007877
326926921 741971395
520949243 557562716
409871002 731190008
543567224 964743079
926375129 970817111
518730073 743249031
68186607 226341645
491283110 777241481
736114931 843653113
642180758 956269116
179740421 249206721
261134575 809983643
644404288 730510328
30903370 919018125
174703625 822599433
195825187 635628626
772431368 894546844
675844068 942068245
463054599 539726000
904419656 942939731
253315888 832476872
157657183 544634118
935371246 968514191
816058483 992392169
787381776 823239921
86656551 251482872
472139674 953329741
684054865 786572255
563798568 618762000
305096084 598583586
564723526 894608087
621269920 625909189
120580245 746968231
28010547 959596161
494815369 549003559
764354510 943315880
70898006 881249370
604497095 790625453
92221781 514366777
564380255 575351903
678494048 891837886
923814730 946317217
756293259 776518817
643904979 856401862
74657171 571317743
201165010 568493593
339218930 815396584
476226754 748700844
468520610 957133105
800893029 888115677
786223027 865875620
83822559 883314155
77915533 942362532
423668925 686785097
635564323 696463277
652789599 763383096
508596164 719718050
35970185 821032138
767923982 839220382
52455662 996678415
588144717 753406355
202994107 583399076
80828308 576515435
188030877 743131233
669419710 858859824
924756168 974698184
572876932 822590947
266113144 369531090
264212868 463680329
173351935 501670755
745211536 834059657
905193535 919381393
791561279 878156730
808689145 976478517
111349010 830702495
103113343 163928216
369016516 680337813
339154688 918041487
222851533 464568688
944682096 978821622
396454817 603764368
51522865 972034253
453640278 622144160
933668403 968519971
542831804 756231806
704084847 791494181
445188026 892964565
451523450 899743138
554321507 848971268
611237405 966376563
735366448 762514596
537891185 883812643
753042339 827055514
707855412 721356686
768957994 965267482
405832847 831938036
1131170 811476329
829619636 847999134
829805293 971232579
623775523 644664646
112348292 161108220
457957671 518356140
213877771 355232331
528987514 918143909
142383904 640984280
34637667 341665276
940904299 966570540
648925328 895783037
750970175 950438879
217304581 356743005
435950169 827733446
917895869 939746849
787902013 845160016
826839497 954531672
28064123 187949719
574191282 741127406
255625013 634721218
334484159 568079976
305093431 543288835
950700047 991355372
179954147 318767481
886720792 992064721
573482364 633851873
938735189 970249230
810778954 932679619
758036905 839128741
694668428 840037091
110704292 446135779
301492505 622334199
880139799 882963844
337370795 959168787
786101411 959384116
407136289 651622346
336106305 390360391
184461693 434249902
29393609 572119651
606344889 879616267
564389752 831570754
886087496 996971040
985668427 992125844
150779291 829261173
563363244 987868243
65676078 673057404
824718040 971187987
315808696 868002568
242275620 846844727
429925305 932164719
939585914 983617886
846100753 901764797
746393333 832300923
244828772 721586575
18492482 262294501
494110209 734677162
928814535 937594853
407420246 728088337
69343309 220255290
685712188 807798881
925736497 945395874
287082498 795236785
29003056 555697320
830277335 910157926
744409992 823293064
219907644 961996883
811000961 864108293
569962420 583323403
408202841 450143735
543558149 585421751
394834624 938915803
887421885 982986164
90005596 297415887
481725659 823697586
151622842 173176918
136450304 674756104
111032771 696667032
449369783 943880400
444236223 959619324
61277465 180577421
355458 341820815
15516702 799408285
813961906 940960170
133210172 397633757
389861846 877486166
365903110 557268697
337476350 882145229
267964381 399704398
670188922 880113154
186177972 869741513
404429993 529015003
4450068 561753789
923085109 953609059
359959444 691361894
896589711 964490385
618766006 801702123
898109843 980453929
257493643 901725843
711646127 740837607
107573447 261143683
292393133 529891527
107386236 247476878
570298882 748138316
644559987 778451715
757989925 995196344
574939250 723703980
405997738 782498154
690482905 979692258
789018030 946451961
362471729 756837163
268816859 404361352
479133647 983904448
628720147 717972941
241958394 623384875
352181437 485508395
243289575 655183093
257229393 941255101
776438601 865255868
251348515 613219065
921739758 972197424
555630157 943439820
73704349 680466522
544219458 626401796
58234321 673177882
246833554 699223897
633578400 944794943
972397646 992201137
514728455 717597622
203868233 339686518
235708537 435385814
817679406 988388560
993585758 996297763
618685399 938555740
375174374 421688564
590458402 696419989
388037298 446636475
873456018 985169356
649429314 723429831
851706593 898912390
679566957 721557467
253894040 535571641
474217782 978640630
230543171 822312520
608005123 642826840
34159984 290234083
182435062 702130812
489229931 671090599
335215868 538584884
973383382 977944072
284764284 806464060
306377359 418609481
98892096 241756845
503805401 662281989
350129358 450461779
498548670 589952043
346147148 908353411
894479505 970618501
952793896 974756709
486667372 754779920
767923395 864698414
983508324 988586018
726033463 999668120
320122003 352112478
739029787 948375213
840553041 959555143
644013697 973023237
761429151 804142588
826953561 863326160
977390576 989677179
644645479 754159093
375790806 994285222
897180633 941040918
210226695 591525651
256163462 711304137
324386687 867289033
811438188 825221657
489660730 993707574
881462023 987740451
337103748 600478905
153185252 391365138
261507226 629108245
93808252 636626974
282887815 925335890
195404839 707731425
216900976 593868765
291419550 689526784
559266605 632013021
971492614 999950244
426150910 432267702
55998971 303880621
917408204 924511205
23264542 848640425
353003944 404409709
567882789 720871164
271502381 829555861
138481737 383890923
869392654 902399605
371706180 652524942
361493754 678662043
661341039 951864659
425648134 922375640
847097084 934836956
763024415 830956205
779859952 900144107
362712084 950485863
180957486 535187091
141942199 287434238
134150310 170023036
917547733 943470394
69679470 881665834
265397270 449836181
109175531 388797683
512935922 857945964
15065580 338169257
191151352 825251169
286596362 888712205
173810622 725264703
609977067 986919726
490780261 983250290
439667044 914157972
289400113 856961972
797375099 982340567
673907501 850596504
178916625 785506739
867825570 874889864
123069285 397437613
458716134 464915144
173448164 930185400
128720161 441921633
665853319 921163075
513529762 613523458
11528446 433984177
463289447 535665811
14060181 132369997
367471627 799299662
469409231 721818245
110187321 901478359
277701017 836755668
251250249 608479446
174285971 308259913
428397278 880435893
935706829 956382444
418393316 515509209
68823576 227883791
284431369 963627533
506822753 664716231
919218827 947786650
537169282 608623638
378691711 564033538
563675025 652904238
91350288 494003793
726721093 948386984
918270950 987172723
504807019 870653595
229174121 528263667
513225195 721826795
316831273 927232074
462495007 597979075
483002556 679183299
131848505 189580802
242731362 340978553
632485049 648940547
896429521 919594364
939101853 976477513
260019822 757483966
261900151 712538026
914545755 978465932
673852919 819346556
631959759 944029910
921599583 967757622
571775460 924052045
190987984 626339697
600953684 792501949
495449457 560014916
891310218 993687177
994927603 996606620
183159357 190487219
356896647 357013283
103554947 359414774
611497434 953788441
94032199 153680815
129270238 184637087
260392065 463240038
26014056 757343443
436371193 905472642
229398816 801453764
548783580 951465904
881268725 982570105
986478303 995594911
66970177 441734167
755153741 929347639
535408153 930518781
258064397 936184881
787626071 795916630
752043792 866148468
326804908 354665804
783884941 843111535
183788182 814310207
761494555 778848704
907541096 952445430
270863669 987797043
768763935 788467734
534494579 894146202
850201330 999822321
770453678 954956306
570189734 994416675
853805550 961543818
558432811 744885576
880433780 884761999
549637476 951783023
384690486 523350640
835029594 882422898
671045995 778625556
455360982 542563006
350140723 920295548
986302194 996722251
738465391 801926472
57849901 974932326
235621135 792041843
331508953 951433613
287394523 435349860
376160489 626316391
942569780 997454841
477566420 603541395
142321147 262604566
531109455 851496552
103017476 697826549
102096369 777915455
279458926 724559355
133355973 879717188
976239973 987355248
412897204 956259426
659439583 672282191
480988359 596431146
497034861 950325715
676703422 900842363
24815335 88211432
715446950 720104402
963316913 965698195
944438240 996093029
758149323 824112461
262472582 682760934
580746530 936427331
287790778 638760386
10000369 886087481
197076726 793213826
524131848 861907327
624797409 933374270
451811008 477754000
326835553 781040544
61100417 163241835
867142451 927015255
451219445 949533935
619139484 855019520
398454721 517211712
658552447 864791520
368885458 781420710
523854360 645074617
618117348 854920692
711282015 807979557
768176961 935674253
492955622 880573353
423753510 508088903
707659068 847861883
770513628 871910600
803490335 998454227
771017052 798964178
521662759 773464227
648217238 754373149
238823236 467181464
468155279 839673035
918490406 919791543
756737575 965895904
562853886 608682958
54451654 966790418
291724786 803695684
211966947 502062716
615338412 904356718
184793377 189835651
183394947 233899394
266400792 904375335
408935531 915910528
528696638 734032947
943383190 947074611
474829988 882457582
643161918 715600004
858957970 964390603
89066301 948169114
40806652 330022085
886661157 890562159
644974089 848504545
293971596 472951016
286781099 369615312
220083374 354281136
830051096 939503188
981936517 984651880
173410794 995949630
847289135 859944309
633731833 944282245
192661789 556597999
384675389 601861715
699105161 834684096
982170423 983313848
760365075 820819029
107608745 684934276
572909278 977935842
129646115 430620317
501282172 511892643
265559091 297411344
366251541 617215436
658609992 702735509
168136123 995990396
398767580 924793656
317677367 447327776
721614582 824308291
369750183 429973113
366390612 958739740
465337784 670269725
82301764 478126584
270728980 713810940
747302978 899167256
579836362 781975590
77618614 130169603
887176204 984773614
955507016 985393597
953168765 960102995
728310199 796638457
481372989 960408814
735370363 779047933
487996788 642489853
558202838 596500975
26207851 601852558
659190671 980615909
608931176 896848353
840443789 856313901
923360821 975144339
832690359 971807188
361045124 911532176
369650326 509113024
583386703 943190243
588029729 701059958
705935656 764445055
754610011 960628071
191297195 711873070
678282259 884793021
273182738 803790927
722666729 754887989
363058899 872891305
274227236 651410714
694749334 809880298
529240299 554546164
267047951 473981147
36986857 184246112
83309902 222905087
282117255 310436035
802272227 866316749
17530887 980703188
126535682 237549891
823247188 993029875
366558610 891334139
689718307 982171192
916114822 994965519
289001815 904161676
612299213 711166676
412556262 602940429
670592488 896485774
501153884 593897483
698846673 909068829
225311438 351399082
578434888 687932539
120512246 951785439
760515846 835394198
856101364 984575644
76273938 611169931
717164923 899507370
986434355 992901981
302067015 327469303
541189663 541945702
794920630 990562126
58519988 147003718
560752255 685785684
542203480 973310412
253258894 957876725
778814003 810913819
716677426 905484498
387429540 532769018
559363315 735298183
868624047 888615695
689012842 871328403
881820463 969112284
511350604 870391109
746638950 794327456
116068989 467876598
661095967 914353825
982371300 992435092
887409105 939361298
132642814 997518093
200731767 968405385
857598738 885663870
548033802 864949352
187848993 637222337
262664559 770855389
825581233 900846770
178335109 715029355
885736120 928107179
363866691 896611900
999324621 999411919
540429684 769453799
312334432 504804965
807635518 877342460
27158908 946900740
764187568 884921633
299100852 750070540
603024994 901883184
135979016 695912012
304135370 603200934
848844728 984371237
840446959 980650383
684086411 692373423
188526163 270638719
465059312 797654212
697528280 979762705
310777911 971389601
489383125 797268563
592009576 936726659
465851854 850618144
326900827 926477799
654508545 943132730
939266367 998621712
981537985 984447641
918892624 966979188
860913858 974699981
543475970 962782334
237224983 323376707
468113921 827490811
398959599 850841787
914672597 980776907
692305445 806772230
492025861 919094368
784123763 917644660
930959063 992373519
968952556 975199679
828840845 842582985
504107423 926370713
642675694 811461874
676523107 925280727
717685327 885945299
13998000 365029475
836520846 898301982
946916808 959451502
791052268 828863130
432931758 798776158
721855147 856916632
845750942 876537589
883579932 911225633
251379358 626604219
292939599 351341997
206194045 229402536
260782981 839501741
13483798 873232324
658722341 817368624
719810877 739146953
442886384 522346649
958855159 995629784
23512354 906199531
428190406 483242736
764003622 844837972
643940120 804729880
332431976 822107627
235845065 282375266
716305621 786418139
321899706 663496665
154922101 571765597
666395089 864932316
541880442 672020000
369474481 687048599
252563701 666911875
556617156 983351283
603044269 809796799
138309460 652859568
173609382 384607389
877363214 949913659
234412471 479841352
396439452 568643630
433107414 944549628
702284724 944976162
166989441 408782575
32007206 603931288
480637755 766514206
743984405 808253688
208532242 665673647
191047503 545958250
370498521 628707351
602597919 940383976
38312209 293158767
494246026 667960020
706678286 895690457
915931817 926082880
801051411 871046369
743568310 780951018
872109710 921897167
763666456 977615234
578407790 676594915
26289143 271891173
186826986 680888453
440047069 948386848
133296209 729238184
135924778 187367611
480938604 643612581
309950216 793430467
398429247 528966059
672976758 815723357
392725965 492761926
653175918 865970167
151400626 344501458
555379870 618242287
264063287 920682398
89507980 746999725
584942128 778698815
177624659 480210362
412758021 825528943
302397095 392228349
952497893 987693616
775044146 917335783
860559867 901381440
874118877 966103758
926624583 991098469
341184246 406504365
705723430 715738308
412043778 792350561
745323714 810140325
679772498 910187519
940763079 971372262
118359056 690429586
372738677 739924798
779519116 779848163
535074961 967140625
932315744 932541698
845825708 949083505
537505595 704910824
974175813 978164923
378566971 821185040
10791120 723003166
9791666 900805631
840245241 864351142
765566952 809926263
395905868 593823901
364176872 730894337
437779996 445809779
153420277 572149006
355440283 387047501
544252148 817263247
640889 875411202
702734357 936093338
80819450 917438000
125364848 846677658
497758318 551828405
659136824 908285234
933022148 951742223
712167652 909355133
380466334 974722630
783010297 924953298
631376235 786483246
454196536 751586280
512696930 643929760
34360429 591859864
222635279 755907695
259118458 683592815
329065911 827653712
847391755 972160442
885230548 965009143
62240642 876462018
466408218 982752248
216532016 471382782
521106984 910011388
150922743 847759908
103843148 558858570
189520906 567655278
778046153 906065512
5499043 89411650
999550767 999889825
886254136 889863030
101252032 972237268
500312083 759837451
148239522 732791790
941107591 997675343
226276083 749650973
460306103 774565776
248967310 430704071
766605071 950449163
19743125 511274599
263996309 288162633
769300322 864416486
713646375 788680863
580284725 724029055
269980616 472284391
389196936 461562048
365613881 670842997
305311665 883040747
469071169 919860875
459439155 557021645
899411146 985601599
185833346 349758210
232810856 498503506
82861423 846859616
591740083 987807798
644565465 991966056
94138162 639763909
912524651 925964880
13620836 406062996
848340696 927855661
394074109 700007586
846647350 888710724
814211619 836909337
584725331 647904475
907034713 932957054
964013994 973850091
886739228 992485066
156771341 637941398
145153527 511781966
747078606 747877137
422168661 901487785
251493101 691531257
941693999 943564477
9330085 731366707
122525630 693118082
415955628 775837115
193950625 635605287
777542728 850575946
843859090 929981315
725384435 949165147
361129149 502830892
176818736 881237903
647304073 818856624
548035187 954851298
369029140 424693588
116052126 833826308
271722254 552988706
503965281 740638976
676524423 911405236
33995922 419484357
186809456 274830118
891853334 954944940
81695755 782557227
355584845 673904593
124876367 921780221
45694025 86963828
288778998 689066567
398778485 490437392
883231531 984378730
387484545 849781069
925037968 998185424
888472561 938523130
865684504 983435534
452216498 982456729
633724969 650076939
956992671 967250343
14363178 799063282
216326562 652289470
173130696 326910657
663418938 940914217
943554203 987884666
831258101 973924123
347505289 474592640
349663197 667812728
495555525 866940941
881324100 901517753
528603455 607247794
435864140 605843987
627427754 956764498
758129404 888841140
376545064 888636864
994274303 998998608
345840533 740433813
679046134 838669777
23581035 506904486
71473264 946050866
611153243 981587722
209255825 337160574
370359901 427947748
500495686 832021063
702039192 833038049
430557720 667738188
949173431 962069117
974809520 989746965
124354933 520737882
222445356 351025856
307800970 449323638
791015539 865924396
530366385 637173960
785196585 899338339
768998582 970526936
122712188 938418505
673370062 796706608
171546631 562826740
517079724 530558472
796227692 900868369
297627630 838631725
766166474 890214077
828508614 875771380
408125176 924964518
249024686 498260598
230303735 824802944
878732026 893241566
455024442 719285215
938855204 984753539
406100313 731581495
704131908 930082393
118060474 154275082
772660921 965147522
289201733 874752269
668994073 692507082
124315167 478461442
270776182 582191119
282515429 857582815
207613059 920856422
756351508 827464913
341290001 446473324
980928261 990638285
89064039 310294045
981077681 999004408
610574306 744105334
493186816 813487210
786909622 994150966
772454659 911568982
934891270 935209768
829723165 997419483
681074866 717722085
105775909 128176807
764769367 795754178
181262258 848788498
464642641 865422484
297718633 438643798
876248655 979407730
169714471 950006558
680694257 939357334
196758608 234702848
961623666 999417194
992053262 995606487
736040202 842680344
164869812 851308616
353502512 902412884
892540226 948119403
27007150 285180624
955066780 970850381
78418413 580974664
237655944 833699942
663650384 714725460
508130039 917585318
244165621 558678618
718358049 943386058
43328159 630232495
709733072 882324769
572387986 833034084
625168396 777640934
635456016 856704447
677697093 734003019
359491227 849548301
884687175 921369802
135474229 195090255
390349179 599539477
463948229 636173942
628462286 684593061
604368118 816406651
20188726 526847144
190860268 247038305
118153700 308955519
342072944 739114290
696010247 768388634
390283975 617017791
230032955 268930161
777803831 895622504
402520969 547408106
525594397 588318064
588517153 780809737
242209442 647351743
732457690 949205491
90414590 182973691
39510693 389792278
22366848 836527116
256628172 375704640
618047436 780462264
534838761 948992752
867455974 974102466
171243985 537071688
742147090 778604107
741964447 761754971
248967169 710572647
751162722 820473980
80907911 991565351
924717910 962115286
426706917 816953849
339116776 900249588
936908096 968678370
10898408 656925474
99220973 949483981
143411929 493583547
611270131 987044053
976267224 977788089
516987412 987375827
374382611 455332483
979161092 993799406
478515793 952187818
796038203 966910947
50607925 773609304
782329897 895673438
993454003 994934149
7488082 887035155
909726114 957244165
340882599 845223553
917397015 923801388
506236272 670864732
897310573 977100690
195419441 541612986
63894537 348730550
748745258 932112884
363465241 370869678
52767545 74772565
535238628 844558361
289425919 932578973
