40 40
135 303
-668 806
921 759
506 583
-713 -380
-262 -562
-803 -500
561 -799
597 -540
-762 324
840 609
-582 -62
-994 688
-582 -321
-594 -556
712 -750
4 515
-102 225
-350 -191
372 -870
603 81
515 571
354 -600
-174 785
-714 134
538 -578
493 -625
15 525
-880 -99
-871 -192
991 -424
65 379
-920 -428
72 -506
-41 233
393 -437
109 -376
507 838
-580 -735
-600 982
4356 4279
-591 -2845
-1639 3753
6794 -8824
4575 -2224
9044 -1350
-560 -8589
-8084 -3257
9442 -4400
-3518 1713
-1875 -3687
8882 5752
-9938 -5420
-1755 -3961
-6858 2411
5150 -9350
-2349 -8251
-123 -180
-9626 8034
7058 -4918
9083 -4718
4672 -9529
6139 7505
-3110 -7596
-6305 2145
-9285 6736
8016 1899
-7781 -4460
5221 -1354
-109 -2723
-1759 9432
6773 746
-3895 6420
5832 8142
-6178 -4785
6862 -8059
-9106 -1377
-1128 -353
-9059 -5173
695 111
