40 40
130 109
745 -584
797 817
-887 -134
-771 -332
294 989
166 107
-480 563
362 519
-267 650
-920 -78
981 -676
858 -601
-796 -399
-618 565
-269 -594
607 -566
-985 -258
235 922
398 -319
817 871
-917 781
421 -583
255 907
526 -202
375 -107
636 125
42 841
-569 871
-672 717
480 845
-130 166
-741 119
-20 296
953 -369
685 245
162 638
128 114
-103 532
-69 -165
441 -6457
-5872 1203
-2102 4015
-9515 -4870
3428 9253
3901 -4170
847 -4868
3697 878
971 399
3756 -3049
6957 -8581
3226 1474
-2652 -8355
5541 -7911
-5590 -6371
-6599 -3224
-948 940
654 -4892
-4844 -3244
7809 470
-9153 -4816
9209 7915
6033 2515
-5177 5111
6090 -3254
9393 7500
-1241 -4112
378 -962
5815 -2228
-5290 -1599
3352 2993
-788 -453
629 -122
-2159 2658
-6235 -9312
5551 -9315
6636 -7519
-1176 -1745
-8079 -1566
-7418 -8327
