10 40
-67 -302
-341 915
848 842
-56 -385
-491 -5
412 -587
799 -914
493 21
795 -258
-529 -319
1640 4382
-6966 -1953
-1058 -4732
3961 3352
-7642 3410
-3020 4856
-9788 6209
-7984 -4350
-7406 -8559
-707 -1953
-2897 -4444
2232 -1520
-6130 -9551
1550 6751
5413 3815
9157 408
-7678 -4873
-7780 -9065
-4190 5305
9877 8651
-7966 641
2259 7403
-2087 7087
-8334 -8662
9529 6026
9900 3143
-200 18
-3016 3629
9434 -1015
8711 -6132
3103 6725
-1357 7966
-3469 6337
-3460 3565
9572 905
-3564 5689
4653 3996
1460 -2006
-1690 7129
767 820
