40 40
555 -163
949 55
-853 -590
427 -18
-880 9
337 770
-435 -100
-400 -545
764 509
-488 625
526 -999
715 -563
865 -730
529 998
765 -802
-261 543
-226 -471
-584 -226
-333 -852
363 712
244 -184
630 -81
-571 968
-674 150
-972 -467
225 -122
-419 807
820 798
-756 247
-413 -305
-412 854
236 89
628 -167
-313 884
-643 -721
383 -192
819 -493
488 -903
955 779
82 757
5129 -9614
-1572 -4943
8706 4109
6609 9998
-7561 7211
1584 -686
7613 -8749
6684 -6076
-4415 4032
-3225 4487
1487 1180
-6870 3118
9095 -3895
-4320 -5532
-6595 9253
-4604 8416
1650 -7132
585 -7794
-2006 -9328
266 9413
-1030 -5921
525 136
6830 -1202
-7765 5466
-5913 9277
-6671 5468
-7485 -6348
6584 -1919
4405 6597
1397 7052
245 -183
-5461 -1926
311 -5900
-2314 -2091
-8553 -1701
-9980 108
2648 -5705
-8591 -4555
-1871 -9178
-2895 -7829
