20 40
-87 13
535 -883
616 -439
-948 786
754 117
850 -877
178 445
-547 -605
124 618
-4 166
-57 555
662 -7
409 513
80 163
-599 444
766 -933
623 -527
426 455
325 309
403 -23
-2131 6321
-8691 -7937
-3551 -8156
-4815 1421
-595 -341
-7821 -1956
-9162 -6769
44 -8174
-8794 -4789
8601 -7128
692 8937
-7806 6094
9827 -53
-8645 9912
-6756 2212
-2911 9831
-3158 6149
2862 -1100
7937 -2062
6571 7485
-4519 -8483
-7005 -7503
3813 8430
3887 1947
-219 1405
9480 -5322
4257 5721
-9195 -4765
-7519 -6721
169 734
4742 5074
-6014 4719
-4802 2965
5582 7559
-116 81
6756 -9879
-9892 6943
-6944 3103
-4761 5952
3202 -9807
