40 40
495 -724
297 -583
784 -198
135 -780
777 -880
-277 176
715 -972
-324 172
564 -970
999 -635
526 -952
161 621
-366 -433
425 720
-536 445
248 -544
831 -702
-486 539
-193 720
-842 83
-142 435
357 -50
-72 88
-521 624
255 104
-732 492
-531 -882
-686 -10
-25 -116
-129 790
387 570
613 624
131 -133
649 200
-459 -337
124 -554
-977 593
-896 729
-312 454
-100 -345
-5262 -2199
8364 8375
5163 -212
5698 6387
-3493 1612
4434 -7156
9227 -1573
8311 9443
1731 -7363
-8066 -3037
-7792 -6590
-5926 6938
5008 3889
-5175 6257
-6237 -6289
-1551 -287
-1334 -580
2853 -2351
-215 35
-332 6798
1522 -9508
3730 -3322
-9542 1304
-4987 -6430
901 1517
65 -6003
8156 -4194
362 1764
-453 677
-8105 5547
7519 6257
-2735 -2730
-171 -2316
4111 3931
5249 9986
7047 5544
-4944 3056
-8964 961
637 665
-9144 -2702
