40 40
-407 13
-780 879
877 -556
11 -448
635 -857
-446 -716
125 672
-158 347
-415 139
861 -182
-230 973
401 -819
-63 -358
327 769
385 135
-668 -247
-458 234
-877 -984
821 -584
432 490
110 297
-808 155
434 623
-260 -613
-603 -412
383 953
-758 -600
475 923
668 -155
634 -918
348 48
-954 838
404 -30
-243 848
-497 123
405 -539
-43 734
-366 529
146 -990
-345 -313
-1152 9127
-7429 1213
-3882 4766
6132 -8344
8454 -2445
-3568 7951
950 -2283
2241 3263
7640 -3878
3024 7799
-3595 8922
45 779
2619 -7867
-4035 6688
3137 2248
5141 -6712
1593 -3816
3520 -4829
4079 9653
-5160 748
-3020 -6031
-9964 -7581
7657 283
2225 439
-1593 5791
-4520 5790
9656 -8515
-2371 -6689
9098 -8350
3879 1997
-1361 2332
-9304 -4557
-5 670
8378 -3992
-2900 -6086
-9600 -545
4221 -1695
6999 3679
1140 6594
-7992 -3994
