40 40
159 935
16 819
-17 137
-818 -103
360 148
-47 387
862 396
750 -465
138 287
-817 961
-596 509
-692 334
264 647
164 976
-306 -736
-340 464
-34 15
-623 656
-66 459
279 423
-891 -575
-752 -711
-812 417
-798 -207
-245 734
283 -854
285 315
-763 -655
-690 681
-716 -582
-784 -633
871 -339
938 -773
284 555
925 -412
734 -607
298 450
566 939
-528 -176
708 -624
-3077 -2888
-7651 8988
-6232 -6896
6899 -4081
6129 -1718
-688 -675
-6928 -4653
4325 -2775
3163 -873
-3935 -6514
-2041 -7115
-1755 2045
2487 9846
-4121 5876
-6214 2113
-8305 4834
-1175 -6313
-3801 494
3335 2237
-9557 6841
1971 -3788
4751 -526
-5471 9757
-7856 4726
-8580 -5419
-364 -450
-3516 5280
6503 -5776
-1360 -2289
2555 -33
-649 -4964
7334 5636
-6916 7514
2188 -6751
-1123 8441
-7353 -5227
9802 -5875
-9086 -2908
9273 5000
850 9161
