40 40
-773 841
54 -394
609 581
294 -536
901 792
-831 575
-770 124
-95 665
299 699
29 -171
774 -804
502 -225
79 255
-825 461
-87 -882
-143 -304
-97 631
-57 -684
-634 -576
140 29
495 -683
-61 -495
-931 66
-793 308
435 -530
444 -764
-331 942
731 -892
-171 -79
-90 -591
-992 729
559 -850
315 -420
-127 -932
-274 -220
-879 -320
-768 -810
128 382
471 724
-520 -913
-8233 -7033
-6027 1096
810 -786
961 -2768
4737 221
5774 -6293
5039 -9627
-7453 -1614
-4915 3030
-3624 7760
8607 4954
4757 3911
-9828 -5601
-2816 9135
-413 -860
-3924 -6160
2224 8706
3351 -8453
-2779 -1646
980 -418
-6339 2214
327 881
887 -929
-6703 2889
6783 -2095
-8542 5567
4886 3269
-5679 465
-9148 2756
-3196 -6334
6814 -6311
4483 6917
-5078 -5212
-3103 6507
-2545 -3136
-2526 6298
2003 -2897
4374 -6043
5757 -7930
-4730 7698
