40 40
-755 -805
483 -10
392 253
-114 122
155 887
591 85
-321 -490
-888 522
269 488
-293 -684
153 800
-502 5
45 -203
960 798
347 811
-19 177
-888 876
-782 960
685 -63
832 792
-220 -948
136 550
-906 -826
954 271
895 -510
821 520
-436 -25
422 980
-945 -289
114 -859
-247 -862
-126 -628
-960 -753
-64 750
864 -280
-914 523
-812 193
823 -947
917 -490
-299 254
-6060 2737
-5928 -1619
5429 3073
2828 -6233
-798 612
605 623
5198 7969
-784 -247
7415 -1743
-910 224
2355 4866
-5068 7646
5948 -8221
2011 3101
-4075 -1382
8656 9960
2520 -9739
2390 1272
1595 -4823
-777 384
2659 8287
9565 1740
3516 -6221
-6849 6250
-2090 -2
1618 2057
284 5957
-8214 2592
8988 409
-7221 -8681
-4224 -1470
5846 -5699
5075 7709
-2093 9521
-365 -964
-438 1624
-4861 9120
-3738 4243
-8878 2171
404 727
