40 40
596 370
-900 -722
-124 432
22 -361
-555 300
-46 -199
661 442
-174 -745
570 -97
-10 -236
-145 -429
788 222
47 967
224 -745
-440 -398
908 861
-910 847
-436 328
-900 -725
-375 409
-126 81
433 -422
148 -369
-580 187
-1 -961
-817 617
-467 -377
-916 641
856 866
982 626
835 750
209 713
-760 -462
-267 -167
731 -298
-550 -677
-694 561
189 492
973 -512
-843 -584
8120 4743
272 363
-6316 3358
-211 -1916
-753 395
6278 -9566
1411 6704
1313 -9005
-1413 -4260
4100 9103
4854 8207
5458 -9696
7970 -4209
3876 -1633
7139 -5853
-309 -8951
9650 2406
-9489 -119
432 417
3425 5731
8000 -7532
-790 7495
-2803 -5083
2546 -9814
18 -4257
-6903 -2293
3966 2214
373 2655
-1442 2925
3591 -8070
4040 -1818
-1296 -8379
-1043 -1459
-8431 -7362
-915 8293
210 1907
6211 -9075
-7160 -4207
1363 4031
-5089 -9353
